-0.6	0.29045406329392986	0.2961647727272727	0.30192151913847276
-0.5499999999999999	0.28880637067023707	0.2945075757575757	0.3002551923234974
-0.49999999999999994	0.289182978133425	0.2948863636363636	0.3006360750171717
-0.44999999999999996	0.28520530228719937	0.2908854166666666	0.2966127610984727
-0.39999999999999997	0.28555832888469385	0.29124053030303027	0.2969698815199888
-0.35	0.28118109828702803	0.2868371212121212	0.29254128910326993
-0.3	0.279722166893604	0.28536931818181815	0.29106494616919754
-0.25	0.28143994858343074	0.28709753787878783	0.29280321328490666
-0.2	0.27687510897607576	0.2825047348484848	0.28818348485036527
-0.15000000000000002	0.2734637166743299	0.2790719696969697	0.2847301227234873
-0.10000000000000002	0.27097012986585517	0.27656249999999993	0.28220533734893904
-0.05000000000000002	0.269558763230825	0.27514204545454546	0.28077611596350593
-1.3877787807814457e-17	0.2636082852905698	0.2691524621212121	0.2747487811471597
0.04999999999999999	0.27061728157175846	0.27620738636363634	0.28184803863741204
0.09999999999999999	0.2587171566076996	0.26422821969696964	0.26979253815715887
0.15	0.2640551147185592	0.26960227272727266	0.2752014712506411
0.2	0.25979877275046853	0.2653172348484848	0.270888706127959
0.25	0.25838797768179167	0.26389678030303027	0.26945891322313464
0.3	0.25243994179846707	0.25790719696969694	0.26342913655561107
0.35	0.2510060300912725	0.25646306818181813	0.2619751171911032
0.39999999999999997	0.2522988978353502	0.25776515151515145	0.26328612172446475
0.44999999999999996	0.25356832064869445	0.2590435606060606	0.2645732280617724
0.49999999999999994	0.24778589211342752	0.25321969696969693	0.25870924606656787
0.5499999999999999	0.2432031765567569	0.24860321969696966	0.2540600509210216
0.6	0.24172278294272537	0.24711174242424241	0.2525578272478375
0.65	0.23979605158155542	0.24517045454545452	0.2506024218349302
0.7000000000000001	0.2352147883482769	0.24055397727272726	0.24595177450536831
0.7500000000000001	0.23848032019853788	0.24384469696969693	0.2492669378683311
0.8000000000000002	0.23427514719496947	0.23960700757575754	0.24499769042547093
0.8500000000000002	0.23018813049060874	0.23548768939393938	0.24084700240812762
0.9000000000000002	0.2288024603676882	0.23409090909090907	0.23943942784275973
0.9500000000000003	0.22791003746227542	0.23319128787878787	0.23853281180083186
1.0000000000000002	0.22643056817439447	0.2316998106060606	0.2370296638943341
1.0500000000000003	0.218424273892961	0.22362689393939394	0.2288919509975046
1.1000000000000003	0.2187294481122473	0.22393465909090907	0.22920223745679424
1.1500000000000004	0.2189407249716602	0.22414772727272725	0.22941704875977553
1.2000000000000004	0.21469209220018037	0.21986268939393938	0.22509657519750592
1.2500000000000004	0.21067893424631262	0.21581439393939394	0.22101405819230346
1.3000000000000005	0.21182882874852327	0.2169744318181818	0.22218397697371817
1.3500000000000005	0.20521190332151965	0.21029829545454543	0.2154501403375213
1.4000000000000006	0.20382776977340036	0.20890151515151514	0.21404102937191194
1.4500000000000006	0.2039685249726683	0.20904356060606058	0.21418433293625028
1.5000000000000007	0.2026313886419153	0.20769412878787877	0.21282291101755002
1.5500000000000007	0.19817488830163768	0.2031960227272727	0.20828421727127244
1.6000000000000008	0.19777619587160453	0.2027935606060606	0.20787807655221624
1.6500000000000008	0.19095274491420255	0.19590435606060602	0.20092467788329138
1.7000000000000008	0.18795211213696808	0.19287405303030303	0.19786539065070252
1.7500000000000009	0.18640509336545727	0.191311553030303	0.19628776319240715
1.800000000000001	0.18181166194775011	0.1866714015151515	0.19160194227558358
1.850000000000001	0.18085093422939655	0.18570075757575757	0.19062160192416844
1.900000000000001	0.18031201137111463	0.18515624999999997	0.19007163294163487
1.950000000000001	0.1786016223371302	0.1834280303030303	0.18832597397466
2.000000000000001	0.17618860868983316	0.18098958333333331	0.18586264596290958
2.0500000000000007	0.16899837953301544	0.1737215909090909	0.17851853668854634
2.1000000000000005	0.168202252007911	0.17291666666666664	0.1777049980972144
2.1500000000000004	0.16426900037107087	0.16893939393939394	0.17368460548406783
2.2	0.16106222355875355	0.1656960227272727	0.17040537489830443
2.25	0.16333264976667233	0.16799242424242422	0.17272723128973477
2.3	0.16103881876791482	0.16567234848484846	0.17038143656985238
2.3499999999999996	0.15427629033485735	0.1588304924242424	0.1634618037776624
2.3999999999999995	0.15832409644813555	0.16292613636363634	0.16760435709090182
2.4499999999999993	0.15324696086169184	0.15778882575757575	0.16240803608599463
2.499999999999999	0.14765707106313156	0.1521306818181818	0.15668292105740536
2.549999999999999	0.14775060815868266	0.15222537878787878	0.1567787564243399
2.5999999999999988	0.14482786275045148	0.14926609848484845	0.15378361243657293
2.6499999999999986	0.14389271157494213	0.14831912878787878	0.15282503902988023
2.6999999999999984	0.140900650820924	0.14528882575757573	0.14975718120414305
2.7499999999999982	0.13765220512082216	0.14199810606060603	0.14642493422131878
2.799999999999998	0.13167156167767813	0.1359375	0.140285741219375
2.849999999999998	0.13223212798740658	0.1365056818181818	0.14086140955095408
2.8999999999999977	0.12555370981595865	0.12973484848484845	0.13399969861551214
2.9499999999999975	0.12625406967157016	0.13044507575757575	0.13471963198377074
2.9999999999999973	0.12410643178976066	0.12826704545454543	0.13251170400960643
3.049999999999997	0.11894907349706162	0.12303503787878786	0.12720623601364767
3.099999999999997	0.11694278467353812	0.12099905303030302	0.12514101793181398
3.149999999999997	0.116149703547952	0.12019412878787877	0.12432443356230435
3.1999999999999966	0.11106607917462873	0.11503314393939393	0.11908726189059318
3.2499999999999964	0.11083294591076767	0.1147964015151515	0.11884696415901898
3.2999999999999963	0.10661418557284537	0.11051136363636363	0.11449662373623659
3.349999999999996	0.10027793382749485	0.10407196969696969	0.10795555378555302
3.399999999999996	0.1025370481856178	0.1063683712121212	0.11028871944539156
3.4499999999999957	0.10221095524605857	0.10603693181818181	0.10995200907306392
3.4999999999999956	0.0935739484664974	0.09725378787878787	0.10102472942906159
3.5499999999999954	0.09436510947661812	0.09805871212121212	0.10184323336696798
3.599999999999995	0.08494625367453808	0.08847064393939393	0.09208814080341655
3.649999999999995	0.08903794170478983	0.09263731060606059	0.09632883478404526
3.699999999999995	0.08459763802780228	0.08811553030303029	0.0917266102939844
3.7499999999999947	0.07955632171628965	0.0829782196969697	0.08649447960937984
3.7999999999999945	0.0764916218248108	0.07985321969696968	0.08330989449688747
3.8499999999999943	0.07417089813079675	0.07748579545454545	0.08089631177633465
3.899999999999994	0.07064517149853222	0.0738873106060606	0.07722589339694842
3.949999999999994	0.06862816755410008	0.07182765151515151	0.07512405162075048
3.999999999999994	0.06267452494355855	0.0657433712121212	0.06891053141440331
4.049999999999994	0.06684364639195073	0.07000473484848484	0.07326315789362484
4.099999999999993	0.057399055314719796	0.060345643939393935	0.06339178970215024
4.149999999999993	0.05810287342425628	0.06019176136363636	0.06233036743284236
4.199999999999993	0.054262151872106174	0.05628551136363636	0.05835903676620825
4.249999999999993	0.051342712368844745	0.05331439393939394	0.05533658254244589
4.299999999999993	0.04599693103517023	0.04786931818181817	0.04979283897464736
4.3499999999999925	0.040089654986320646	0.04184422348484848	0.043650621783143134
4.399999999999992	0.035350141511785386	0.03700284090909091	0.038707932362598445
4.449999999999992	0.0360565555991206	0.0377249053030303	0.039445563007949935
4.499999999999992	0.029393532847485134	0.03090672348484848	0.032473019372236796
4.549999999999992	0.020537841691066816	0.021575126262626258	0.02264851368161681
4.599999999999992	0.015846204587269937	0.016637073863636363	0.01745529757810815
4.6499999999999915	0.006570377129608989	0.006893939393939394	0.007228662810358733
4.699999999999991	0.005169013865816694	0.0054312657828282825	0.00570284753652195
4.749999999999991	0.0023384578323362233	0.0024584790209790206	0.002582832363254623
4.799999999999991	0.001077020130002576	0.0011325588474025972	0.0011901143176700955
4.849999999999991	0.0004252220911583255	0.00044714308578745196	0.00046986163663192775
4.899999999999991	0.0001117530372452972	0.00011742243523016423	0.00012280994087032353
4.94999999999999	0.00003389559517695154	0.00003616967153168622	0.000037425641310908195
4.99999999999999	6.980472200418829e-6	7.309776047325847e-6	7.440480897154361e-6