-1.4000000000000001	0.28760596608474337	0.29330018939393937	0.29904109703620774
-1.35	0.28346376621757763	0.28913352272727266	0.294850905211991
-1.3	0.283557900669132	0.28922821969696966	0.29494614329839175
-1.25	0.282122383086346	0.28778409090909085	0.293493729679399
-1.2	0.27805154518257097	0.283688446969697	0.2893742053505862
-1.15	0.27812213288070164	0.28375946969696964	0.2894456470549569
-1.0999999999999999	0.27522817914497355	0.28084753787878786	0.2865163952982692
-1.0499999999999998	0.27447532847767453	0.28008996212121207	0.28575426567847295
-0.9999999999999998	0.2681474675712041	0.2737215909090909	0.27934682360831276
-0.9499999999999997	0.26266761552183165	0.2682054924242424	0.27379572558851006
-0.8999999999999997	0.2672536838525626	0.2728219696969697	0.2784415682538566
-0.8499999999999996	0.26370235404041287	0.26924715909090907	0.27484408493022583
-0.7999999999999996	0.25798826581936934	0.2634943181818181	0.26905379182755174
-0.7499999999999996	0.25716534833304566	0.26266571969696967	0.26821969966665227
-0.6999999999999995	0.25500237149963684	0.26048768939393935	0.26602710829490583
-0.6499999999999995	0.25551958915132394	0.2610085227272727	0.26655143956045446
-0.5999999999999994	0.2480444286065564	0.2534801136363636	0.2589714840255656
-0.5499999999999994	0.24703380065279773	0.2524621212121212	0.25794635730418436
-0.4999999999999994	0.24515366809676425	0.2505681818181818	0.2560390393115639
-0.4499999999999994	0.2437436592554926	0.24914772727272727	0.2546084602498231
-0.3999999999999994	0.23512082261138323	0.24045928030303027	0.24585636771876018
-0.3499999999999994	0.2292017130150796	0.23449337121212122	0.23984500840977963
-0.29999999999999943	0.2319262026909913	0.2372395833333333	0.24261232186237414
-0.24999999999999944	0.22901382858438243	0.23430397727272725	0.23965414779830618
-0.19999999999999946	0.22962445838502762	0.23491950757575755	0.24027443938526916
-0.14999999999999947	0.22877897512588577	0.23406723484848482	0.2394155699543168
-0.09999999999999946	0.2267358479099711	0.23200757575757575	0.23733984484887694
-0.04999999999999946	0.21936328457223883	0.2245738636363636	0.22984666548459476
5.412337245047638e-16	0.21755572358805508	0.22275094696969694	0.22800880552737013
0.050000000000000544	0.21372980661799884	0.21889204545454544	0.22411779250690433
0.10000000000000055	0.2133308223906027	0.2184895833333333	0.22371194354945156
0.15000000000000055	0.2071592269962253	0.21226325757575754	0.217432296251723
0.20000000000000057	0.20854357681696428	0.21366003787878787	0.21884119097112464
0.25000000000000056	0.20485999637334365	0.20994318181818178	0.21509190037436277
0.30000000000000054	0.19627530629829681	0.20127840909090905	0.20634900604394024
0.35000000000000053	0.19833905803793386	0.20336174242424243	0.20845144942020777
0.4000000000000005	0.1936724660828294	0.19865056818181817	0.20369675927766295
0.4500000000000005	0.19313318126887488	0.19810606060606056	0.20314715220013035
0.5000000000000006	0.18342860889421572	0.18830492424242423	0.19325167087748907
0.5500000000000006	0.18647540968246537	0.19138257575757572	0.19635947624909378
0.6000000000000006	0.18153046816903573	0.18638731060606056	0.191315018569724
0.6500000000000007	0.17909363559701072	0.18392518939393937	0.1888281663016509
0.7000000000000007	0.17377592147984072	0.17855113636363634	0.18339899156330675
0.7500000000000008	0.17326063303625738	0.178030303030303	0.1828727313201678
0.8000000000000008	0.1676637164221964	0.17237215909090908	0.17715464190170405
0.8500000000000009	0.16543951368852527	0.17012310606060604	0.17488124817745743
0.9000000000000009	0.164292409821943	0.16896306818181817	0.17370853915326612
0.950000000000001	0.1600792518309368	0.16470170454545452	0.16939993562058242
1.0000000000000009	0.15839429891509754	0.16299715909090906	0.16767618397978734
1.050000000000001	0.15502493734505898	0.15958806818181817	0.1642281365315701
1.100000000000001	0.1504166683709376	0.1549242424242424	0.15950981143962628
1.150000000000001	0.1442433859587138	0.1486742424242424	0.15318451136300434
1.200000000000001	0.1444537948022576	0.14888731060606059	0.1534001905504254
1.250000000000001	0.1443135218892054	0.14874526515151515	0.15325640477609884
1.3000000000000012	0.1411577554593997	0.14554924242424241	0.15002085081352481
1.3500000000000012	0.1376755724119894	0.14202178030303028	0.14644891004241076
1.4000000000000012	0.13148471181805618	0.13574810606060606	0.14009384619978485
1.4500000000000013	0.12562374393167902	0.1298058712121212	0.13407169382174838
1.5000000000000013	0.127304686933612	0.13151041666666666	0.1357994545752558
1.5500000000000014	0.11794588278568044	0.12201704545454545	0.1261736732608766
1.6000000000000014	0.11997568904931447	0.12407670454545452	0.12826271705262754
1.6500000000000015	0.11645293350636925	0.12050189393939394	0.12463666393850434
1.7000000000000015	0.11510012820553053	0.11912878787878786	0.12324356930180466
1.7500000000000016	0.11045994397000498	0.11441761363636363	0.11846247651009267
1.8000000000000016	0.1037716488684213	0.10762310606060606	0.11156330275970239
1.8500000000000016	0.09725116800954649	0.10099431818181817	0.10482771779046685
1.9000000000000017	0.09811252357765053	0.10187026515151515	0.10571805655156943
1.9500000000000017	0.09594766219174375	0.09966856060606061	0.1034800106211999
2.0000000000000018	0.09143355359734377	0.09507575757575756	0.09880956044853709
2.0500000000000016	0.08808455984953151	0.09166666666666665	0.09534115030444733
2.1000000000000014	0.08555056161082475	0.08908617424242424	0.0927147528857319
2.1500000000000012	0.08362160680646367	0.08712121212121211	0.09071423231139439
2.200000000000001	0.07240776069899316	0.07568655303030303	0.079061376585925
2.250000000000001	0.07899899288487615	0.08241003787878787	0.08591557476051465
2.3000000000000007	0.07085386995463167	0.07410037878787878	0.07744328244804598
2.3500000000000005	0.06142450263589948	0.06446496212121211	0.06760402969136446
2.4000000000000004	0.06336912772798219	0.06645359848484847	0.06963621983051037
2.45	0.06035994116685371	0.06337594696969696	0.06649081156789897
2.5	0.05331984146502231	0.05532670454545455	0.05738384356575495
2.55	0.054564657345716396	0.05659327651515151	0.05867202628814507
2.5999999999999996	0.04507950209799356	0.04693418560606061	0.04884011059390387
2.6499999999999995	0.04281585159206623	0.04462594696969697	0.0464875503176993
2.6999999999999993	0.03642720056274061	0.03810369318181818	0.039832449737363614
2.749999999999999	0.03076865041212492	0.032315340909090905	0.03391497121921538
2.799999999999999	0.02242615601966738	0.023508522727272725	0.024626838789048113
2.8499999999999988	0.014401336080318426	0.015075757575757576	0.0157721265668419
2.8999999999999986	0.006835857467571907	0.007183817340067339	0.007544173204886806
2.9499999999999984	0.005546608478203329	0.005830320247933884	0.006124202233775372
2.9999999999999982	0.0019367784126802124	0.002035245028409091	0.002137234342445735
3.049999999999998	0.0008937437420068663	0.0009396585338680926	0.0009872347909714583
3.099999999999998	0.00030274113159392736	0.00031840660391796753	0.0003345813905729935
3.1499999999999977	0.00008954304087063308	0.00009408252371038631	0.00009837908892464499
3.1999999999999975	0.000022380572808119543	0.000023507522407170295	0.000024006173478996776
3.2499999999999973	7.1070720907678365e-6	7.45971752536304e-6	7.612228712989407e-6