-0.6	0.3027204159112537	0.308499053030303	0.3143209399611927
-0.5499999999999999	0.3052166630098089	0.3110085227272727	0.31684306523275185
-0.49999999999999994	0.30323848850906276	0.3090198863636363	0.3148444163448364
-0.44999999999999996	0.29586854470907914	0.30160984848484845	0.3073959587794902
-0.39999999999999997	0.2967396600906912	0.3024857954545454	0.3082765393999407
-0.35	0.29711636632002164	0.3028645833333333	0.3086573233341454
-0.3	0.2913250230889315	0.29704071969696966	0.30280225533501914
-0.25	0.2930670181976861	0.2987926136363636	0.3045636522145049
-0.2	0.29184290302308646	0.29756155303030296	0.30332592436962946
-0.15000000000000002	0.2887828328613318	0.29448390151515147	0.30023138699760077
-0.10000000000000002	0.28786487278993733	0.293560606060606	0.29930296481308993
-0.05000000000000002	0.2837932381166246	0.2894649621212121	0.2951842371959543
-1.3877787807814457e-17	0.28012218919037046	0.2857717803030303	0.2914697571552465
0.04999999999999999	0.2790397886383007	0.28468276515151514	0.290374373531208
0.09999999999999999	0.28000453500206407	0.2856534090909091	0.2913506956720806
0.15	0.27607515982217756	0.2816998106060606	0.2873737674458151
0.2	0.2757693028009526	0.28139204545454544	0.28706416372454613
0.25	0.2770633355412164	0.28269412878787875	0.2883740033580803
0.3	0.269558763230825	0.27514204545454546	0.28077611596350593
0.35	0.2690648016590244	0.2746448863636363	0.28027587172947843
0.39999999999999997	0.2679122585523643	0.27348484848484844	0.27910860129189496
0.44999999999999996	0.26231487268296155	0.26785037878787876	0.2734383214302808
0.49999999999999994	0.26167994704156505	0.26721117424242424	0.2727949824778607
0.5499999999999999	0.2579647535416524	0.2634706439393939	0.26902996097247034
0.6	0.2579647535416524	0.2634706439393939	0.26902996097247034
0.65	0.2576826078117437	0.263186553030303	0.26874398910880204
0.7000000000000001	0.2554020388033451	0.2608901515151515	0.2664322742453389
0.7500000000000001	0.25472025701620465	0.2602035984848484	0.2657411051874954
0.8000000000000002	0.25084148785685184	0.2562973484848484	0.26180825749968684
0.8500000000000002	0.2477388857558353	0.2531723484848485	0.25866156616017166
0.9000000000000002	0.2447306572674228	0.25014204545454544	0.2556098737692142
0.9500000000000003	0.23934963494745895	0.2447206439393939	0.25014931897466075
1.0000000000000002	0.24186376907721488	0.24725378787878785	0.25270089990223676
1.0500000000000003	0.24024247617819572	0.24562026515151514	0.2510555167334747
1.1000000000000003	0.2312920266879839	0.23660037878787876	0.24196823334124584
1.1500000000000004	0.23354695014228352	0.23887310606060602	0.24425825042490001
1.2000000000000004	0.23340601128935143	0.23873106060606059	0.24411513049359002
1.2500000000000004	0.23011767075262587	0.23541666666666664	0.24077543275498592
1.3000000000000005	0.22882594563261513	0.2341145833333333	0.2394632857080745
1.3500000000000005	0.22319015105310364	0.22843276515151514	0.23373672910074905
1.4000000000000006	0.2247868222697317	0.2300426136363636	0.23535939070572764
1.4500000000000006	0.22171098004204517	0.22694128787878787	0.23223328294944523
1.5000000000000007	0.2226031671209651	0.22784090909090907	0.23314013479262596
1.5500000000000007	0.217813937766941	0.2230113636363636	0.22827136576772078
1.6000000000000008	0.2131665368572395	0.2183238636363636	0.22354482718341306
1.6500000000000008	0.2132134754565503	0.21837121212121208	0.223592574841052
1.7000000000000008	0.20945870427986388	0.2145833333333333	0.21977244549823927
1.7500000000000009	0.20800390443086442	0.21311553030303027	0.2182919714165904
1.800000000000001	0.20073139471170331	0.20577651515151513	0.21088811166436694
1.850000000000001	0.20307709128615703	0.20814393939393938	0.21327672778862095
1.900000000000001	0.20192766696814637	0.2069839015151515	0.21210633888011987
1.950000000000001	0.19758857860485546	0.20260416666666664	0.2076869488079912
2.000000000000001	0.19430555821868417	0.1992897727272727	0.2043419315386531
2.0500000000000007	0.1973540594553794	0.2023674242424242	0.20744803669403955
2.1000000000000005	0.18966335365791717	0.1946022727272727	0.19961019725253282
2.1500000000000004	0.18828028368283414	0.1932054924242424	0.19820002285277882
2.2	0.1869910705988498	0.19190340909090908	0.19688536407429802
2.25	0.18324112958753544	0.1881155303030303	0.1930604051920204
2.3	0.17829704939193836	0.18312026515151514	0.1880150863194282
2.3499999999999996	0.18216316018102957	0.18702651515151514	0.19196059089891093
2.3999999999999995	0.18162419895321413	0.18648200757575756	0.19141066028032272
2.4499999999999993	0.17583722604443075	0.18063446969696967	0.1855038817688468
2.499999999999999	0.17061416462230558	0.1753551136363636	0.18016942697146832
2.549999999999999	0.1708951862916315	0.1756392045454545	0.1804565227606476
2.5999999999999988	0.17049707361673502	0.1752367424242424	0.18004980236954649
2.6499999999999986	0.164292409821943	0.16896306818181817	0.17370853915326612
2.6999999999999984	0.16223250653829346	0.16687973484848484	0.1716022478911029
2.7499999999999982	0.16113243813625322	0.16576704545454543	0.1704771896787377
2.799999999999998	0.15689671457517837	0.16148200757575756	0.16614380874014167
2.849999999999998	0.1571073036879355	0.16169507575757575	0.16635930769174068
2.8999999999999977	0.1522878760934854	0.1568181818181818	0.16142605305294733
2.9499999999999975	0.14810137766060405	0.1525804924242424	0.15713813365769203
2.9999999999999973	0.14819491763063528	0.15267518939393937	0.1572339661506604
3.049999999999997	0.1443836581704609	0.14881628787878787	0.15332829783850696
3.099999999999997	0.13914779462575988	0.14351325757575756	0.1479593039173979
3.149999999999997	0.13760547066238693	0.14195075757575756	0.14637698245528008
3.1999999999999966	0.13498860675044724	0.1392992424242424	0.14369141785205686
3.2499999999999964	0.13720823444408867	0.14154829545454545	0.14596938576693952
3.2999999999999963	0.13176498765471073	0.13603219696969696	0.14038168768219034
3.349999999999996	0.130153487811996	0.13439867424242424	0.13872651295918184
3.399999999999996	0.13153142402096227	0.13579545454545452	0.1401418202166233
3.4499999999999957	0.12230925749522699	0.12644412878787878	0.13066345912631694
3.4999999999999956	0.12039569554525675	0.12450284090909089	0.12869488644158555
3.5499999999999954	0.11780591002551621	0.12187499999999998	0.12602958739995407
3.599999999999995	0.11388741594807754	0.11789772727272727	0.12199444027354854
3.649999999999995	0.11572986093548497	0.11976799242424242	0.1238921003304484
3.699999999999995	0.10640446090732869	0.11029829545454545	0.11428026053177362
3.7499999999999947	0.11036669566017011	0.11432291666666666	0.11836635242307728
3.7999999999999945	0.10572871296316005	0.1096117424242424	0.11358305868143234
3.8499999999999943	0.10673070127086934	0.11062973484848483	0.11461682352210148
3.899999999999994	0.10148893434549888	0.1053030303030303	0.1092063940810102
3.949999999999994	0.09722788934430576	0.10097064393939394	0.10480365336611247
3.999999999999994	0.09499343941681862	0.09869791666666666	0.10249316678539182
4.049999999999994	0.09259673975356277	0.09625946969696969	0.10001352853502633
4.099999999999993	0.09024728295560788	0.09386837121212122	0.09758133382186034
4.149999999999993	0.09029379992495408	0.09391571969696969	0.09762950301875901
4.199999999999993	0.0832730575871594	0.08676609848484847	0.09035263539854368
4.249999999999993	0.082785118461314	0.08626893939393938	0.08984636995025741
4.299999999999993	0.07366046090454735	0.07696496212121212	0.08036520164142479
4.3499999999999925	0.07287169181098783	0.07616003787878786	0.07954430666828731
4.399999999999992	0.07008868121669143	0.07331912878787877	0.07664615034326608
4.449999999999992	0.061193054681689237	0.0642282196969697	0.06736204728841949
4.499999999999992	0.06172540269253193	0.06477272727272726	0.06791858910797362
4.549999999999992	0.06274398057564032	0.06581439393939392	0.06898310490008884
4.599999999999992	0.0570984570948046	0.060037878787878786	0.06307692860672538
4.6499999999999915	0.05548391241942878	0.05752840909090909	0.05962292911616737
4.699999999999991	0.03952147655813214	0.04126420454545454	0.04305882954064333
4.749999999999991	0.035848087961771836	0.037511837121212116	0.039227919076933744
4.799999999999991	0.027955072744529075	0.02915877525252525	0.030397983369459425
4.849999999999991	0.021431642582242984	0.0224905303030303	0.02358544806635287
4.899999999999991	0.01042784183591092	0.010913825757575758	0.011415620395922787
4.94999999999999	0.009386904015075232	0.009848484848484848	0.010325914732473884
4.99999999999999	0.002585375241988444	0.0027140151515151517	0.0028471575106819224
5.04999999999999	0.001050247027933186	0.001103219696969697	0.0011580745745955066
5.09999999999999	0.00037389302728856467	0.0003931982872200264	0.0004132070693078896
5.14999999999999	0.00007665079245328079	0.00008092493444055945	0.00008458785211008792
5.1999999999999895	0.000015766696381679153	0.000016548984995586937	0.00001688736068382637
5.249999999999989	2.623998715833434e-6	2.813992639574035e-6	2.8759056846037318e-6