5.200000000000003	0.30441679714635117	0.30969854797979796	0.3150161059574115
5.250000000000003	0.3043578958375689	0.30963936237373735	0.3149566471953045
5.3000000000000025	0.3016485454770416	0.3069168244949495	0.31222143430100846
5.350000000000002	0.2997835384640766	0.30504261363636365	0.3103383724133082
5.400000000000002	0.2939928593832313	0.2992226957070707	0.3044903112596864
5.450000000000002	0.29348254258379075	0.2987097537878788	0.3039748407869347
5.500000000000002	0.290047922752196	0.29525726010101006	0.3005051232209761
5.550000000000002	0.2880658196823217	0.293264678030303	0.298502437287974
5.600000000000001	0.2838861363374828	0.2890625	0.29427855572923867
5.650000000000001	0.28647629919653483	0.29166666666666663	0.29689623590525016
5.700000000000001	0.2846317680136557	0.28981218434343436	0.2950321515921872
5.750000000000001	0.2801386182083162	0.28529434974747475	0.29049048282245005
5.800000000000001	0.2741945095616912	0.27931660353535354	0.2844802245941144
5.8500000000000005	0.27327258693336276	0.27838936237373735	0.2835478394957762
5.9	0.2720564754685455	0.2771661931818182	0.2823178428983616
5.95	0.2695263321912043	0.2746212121212121	0.2797585032820358
6.	0.2631332594493353	0.26818970959595956	0.2732897821072452
6.05	0.26836920420938803	0.27345722853535354	0.2785878832783385
6.1	0.2620744147491051	0.2671243686868687	0.2722181456154875
6.1499999999999995	0.2590157410759255	0.2640467171717171	0.26912209586002855
6.199999999999999	0.2584667817384335	0.2634943181818182	0.2685663612511513
6.249999999999999	0.2582511219334503	0.2632773042929293	0.2683480341488401
6.299999999999999	0.2546047504510553	0.2596077967171717	0.264656081579688
6.349999999999999	0.24986123179763425	0.25483349116161613	0.25985188834556605
6.399999999999999	0.2483912922882473	0.253353851010101	0.25836282624893536
6.449999999999998	0.24037657313024388	0.24528488005050503	0.25024112342039595
6.499999999999998	0.24417788904044402	0.24911221590909088	0.2540937582587235
6.549999999999998	0.2421204109820282	0.24704071969696967	0.2520086341027101
6.599999999999998	0.23724186268439879	0.2421283143939394	0.24706329719835285
6.649999999999998	0.23555710531677335	0.24043166035353536	0.24535506611930602
6.6999999999999975	0.2355179261651399	0.2403922032828283	0.24531533856296495
6.749999999999997	0.2287408002547564	0.23356613005050503	0.23844160407017279
6.799999999999997	0.2258620306327444	0.23066603535353536	0.23552073073443058
6.849999999999997	0.2237276402781172	0.228515625	0.23335470558102644
6.899999999999997	0.22069280615965856	0.22545770202020202	0.2302742699683059
6.949999999999997	0.217814947180437	0.22255760732323232	0.22735248607243919
6.9999999999999964	0.2141544809769459	0.21886837121212122	0.22363517533082744
7.049999999999996	0.21515273574626465	0.21987452651515152	0.22464904154135268
7.099999999999996	0.21215809452073867	0.2168560606060606	0.2216073198392382
7.149999999999996	0.2083027984574385	0.21296953914141414	0.21769030552021662
7.199999999999996	0.2048198740830037	0.20945785984848486	0.21415053325838973
7.249999999999996	0.2036851012190959	0.2083136047979798	0.21299701172428065
7.299999999999995	0.20178741655201538	0.20639993686868688	0.21106772129045792
7.349999999999995	0.19591929601676014	0.20048137626262624	0.2050998364659865
7.399999999999995	0.1966820644829398	0.20125078914141414	0.20587574868715297
7.449999999999995	0.19361159360717767	0.1981534090909091	0.20275204348033826
7.499999999999995	0.18409005833019243	0.18854561237373738	0.19305979721251432
7.5499999999999945	0.186514024104817	0.19099195075757575	0.19552804681457636
7.599999999999994	0.18418779338007643	0.18864425505050503	0.19315932891104193
7.649999999999994	0.17824635793758978	0.1826467803030303	0.18710694615417167
7.699999999999994	0.1772888575176568	0.18168008207070707	0.1861312324767984
7.749999999999994	0.17513953704001126	0.17950994318181818	0.18394068459421042
7.799999999999994	0.17101741947689234	0.1753472222222222	0.17973814566143553
7.849999999999993	0.1714862409657452	0.17582070707070707	0.18021620452645148
7.899999999999993	0.16879067729199956	0.17309816919191917	0.17746720618661338
7.949999999999993	0.16125301519021182	0.16548295454545453	0.1697758762750613
7.999999999999993	0.1607844571891937	0.1650094696969697	0.16929755395830282
8.049999999999994	0.15539695243070037	0.15956439393939392	0.16379593519404023
8.099999999999994	0.15287946746605985	0.15701941287878787	0.1612239385990939
8.149999999999995	0.1493088133991494	0.1534090909090909	0.15757463055444199
8.199999999999996	0.14519282000163525	0.14924636994949494	0.15336596833922253
8.249999999999996	0.14569994559992774	0.14975931186868685	0.1538846296791392
8.299999999999997	0.1407854366789717	0.14478772095959597	0.14885689608442113
8.349999999999998	0.13704213447665903	0.14099984217171718	0.1450251565520845
8.399999999999999	0.13815332716225096	0.14212436868686867	0.14616280436430426
8.45	0.12850642519988967	0.13235874368686867	0.13628030252414924
8.5	0.12593507587862157	0.12975457702020202	0.1336438110442398
8.55	0.12515597944412402	0.1289654356060606	0.1328447739217904
8.600000000000001	0.11820468385522982	0.12192234848484848	0.12571122793750752
8.650000000000002	0.1179710955877389	0.12168560606060605	0.12547137616603343
8.700000000000003	0.11234692480370687	0.11598405934343434	0.11969353297679612
8.750000000000004	0.11082946050159394	0.11444523358585858	0.1181336372096259
8.800000000000004	0.10816468108555553	0.11174242424242425	0.1153933099514736
8.850000000000005	0.1048200673701494	0.10834911616161616	0.11195195054186485
8.900000000000006	0.10402296501095143	0.10754024621212122	0.11113146632169382
8.950000000000006	0.10048537680103321	0.10394965277777776	0.10748854843892873
9.000000000000007	0.09650228769211087	0.09990530303030304	0.10338370524903615
9.050000000000008	0.08943421530108156	0.09272411616161616	0.096090767288494
9.100000000000009	0.08891016862591432	0.09219144570707072	0.09554957424925765
9.15000000000001	0.08349703169311481	0.08668718434343434	0.08995523471857578
9.20000000000001	0.07717696276009194	0.08025568181818182	0.08341352263948391
9.25000000000001	0.07622750864982179	0.07928898358585859	0.08242976442691957
9.300000000000011	0.07080472759674838	0.07376499368686869	0.07680561884019663
9.350000000000012	0.06536750108362335	0.06822127525252525	0.0711564672013365
9.400000000000013	0.06629590786628818	0.06916824494949494	0.07212181882148538
9.450000000000014	0.06070860975893845	0.06346669823232323	0.06630711421762771
9.500000000000014	0.05144331361810459	0.05399700126262626	0.05663483445183994
9.550000000000015	0.05234963973685747	0.05492424242424242	0.057582812210244375
9.600000000000016	0.04195489092362724	0.04359019886363636	0.045268513226092176
9.650000000000016	0.033393333079071136	0.03486032196969697	0.03637116023673885
9.700000000000017	0.01645867214565154	0.01719341856060606	0.017950922415912705
9.750000000000018	0.008814726099616959	0.009255971170033671	0.009712644952731149
9.800000000000018	0.0021487801403438493	0.0022580952756734007	0.00237132278457379
9.85000000000002	0.0006626185904483314	0.000696316126003626	0.0007312212360175243
9.90000000000002	0.00009516002352218387	0.00009999130711410984	0.0001048525933553009
9.95000000000002	0.000010722929585818675	0.000011214114832535885	0.000011398249466674257
10.000000000000021	1.7171354923339436e-6	1.804046341930078e-6	1.8427761658994194e-6