8.500000000000002	0.306865237206073	0.31266571969696966	0.3185085105329608
8.550000000000002	0.30067175889292813	0.3064393939393939	0.3122507441946397
8.600000000000003	0.3007894941353863	0.3065577651515151	0.31236972462924706
8.650000000000004	0.3023907378392837	0.3081676136363636	0.3139878141361667
8.700000000000005	0.29890578410202473	0.3046638257575757	0.3104659838331979
8.750000000000005	0.29688092438336944	0.3026278409090909	0.30841933391852805
8.800000000000006	0.2906894553449963	0.29640151515151514	0.3021595584363096
8.850000000000007	0.2899832847282722	0.29569128787878785	0.3014454350067223
8.900000000000007	0.2850405579846758	0.2907196969696969	0.2964461034588757
8.950000000000008	0.2853700475081417	0.29105113636363633	0.2967794178197012
9.000000000000009	0.2822165132330001	0.28787878787878785	0.2935889720703847
9.05000000000001	0.28247537269680567	0.2881392045454545	0.2938508870853095
9.10000000000001	0.2807810614376149	0.28643465909090904	0.2921364926688037
9.150000000000011	0.27656924343461625	0.28219696969696967	0.2878738896487041
9.200000000000012	0.2740753846349201	0.2796875	0.28534937624435175
9.250000000000012	0.27120536451491506	0.27679924242424236	0.2824435340371746
9.300000000000013	0.26805338372585275	0.2736268939393939	0.27925153491954935
9.350000000000014	0.26414918499658313	0.26969696969696966	0.27529677350563153
9.400000000000015	0.26370235404041287	0.26924715909090907	0.27484408493022583
9.450000000000015	0.25918741917983296	0.2647017045454545	0.2702691382426311
9.500000000000016	0.25387393154228066	0.2593513257575757	0.2648830778904604
9.550000000000017	0.25312166492268595	0.25859374999999996	0.264120364271207
9.600000000000017	0.25382691425218573	0.25930397727272725	0.26483540891557955
9.650000000000018	0.24790340838106473	0.25333806818181814	0.258828445458971
9.700000000000019	0.2443311534701943	0.2497395833333333	0.2552045443271449
9.75000000000002	0.24440165368592068	0.24981060606060604	0.25527607350654047
9.80000000000002	0.24588220312985282	0.2513020833333333	0.2567781413645468
9.850000000000021	0.23963158136814125	0.24500473484848484	0.25043549012928656
9.900000000000022	0.23549668771722798	0.2408380681818182	0.24623799270710922
9.950000000000022	0.2389267212840393	0.24429450757575755	0.24972005627569138
10.000000000000023	0.23291273173275384	0.2382339015151515	0.24361420430595593
10.050000000000024	0.23157388063330714	0.23688446969696966	0.24225449696199763
10.100000000000025	0.2259374323350198	0.2312026515151515	0.23652859400443949
10.150000000000025	0.22265012528876055	0.22788825757575754	0.23318786288399262
10.200000000000026	0.2214292439160091	0.22665719696969694	0.23194690152192887
10.250000000000027	0.2177904636288949	0.22298768939393937	0.22824749677671907
10.300000000000027	0.2162177519831938	0.22140151515151513	0.22664821878351338
10.350000000000028	0.21549011664769577	0.2206676136363636	0.2259082171261444
10.400000000000029	0.2088486150043236	0.213967803030303	0.21915161344658796
10.45000000000003	0.20516498205757244	0.21025094696969696	0.21540237534659745
10.50000000000003	0.20539958941495468	0.2104876893939394	0.21564119926376057
10.550000000000031	0.20061411683150235	0.2056581439393939	0.2107686739105209
10.600000000000032	0.1969084805340998	0.20191761363636362	0.20699409621579556
10.650000000000032	0.19266424987603734	0.19763257575757576	0.20266922108022434
10.700000000000033	0.1889600853771773	0.19389204545454544	0.19889317178165877
10.750000000000034	0.18659260412098524	0.19150094696969694	0.1964789974334934
10.800000000000034	0.1827724395631864	0.18764204545454544	0.192582232737175
10.850000000000035	0.1826318348557614	0.1875	0.19243877870118187
10.900000000000036	0.17764106356024734	0.18245738636363634	0.18734546470668356
10.950000000000037	0.1752047547793075	0.17999526515151512	0.18485808872559228
11.000000000000037	0.1730498375913953	0.17781723484848483	0.18265743866657003
11.050000000000038	0.16827249704754618	0.17298768939393938	0.17777678242055694
11.100000000000039	0.16403490769906937	0.1687026515151515	0.17344526695554474
11.15000000000004	0.1644796866299509	0.1691524621212121	0.17390000730612654
11.20000000000004	0.16225591306405593	0.1669034090909091	0.17162618448492672
11.25000000000004	0.1554460673896256	0.16001420454545454	0.16465918260718615
11.300000000000042	0.15652234098170514	0.16110321969696967	0.1657606924426671
11.350000000000042	0.14735307969358458	0.15182291666666664	0.15637145192469146
11.400000000000043	0.14896664538097257	0.15345643939393938	0.15802456122447073
11.450000000000044	0.14429014320673647	0.1487215909090909	0.15323244034404784
11.500000000000044	0.1387972507789881	0.1431581439393939	0.14759970107333548
11.550000000000045	0.13713813517745496	0.14147727272727273	0.14589745569736945
11.600000000000046	0.13356357290329737	0.1378551136363636	0.14222852192976132
11.650000000000047	0.12676769320785758	0.13096590909090908	0.13524755681769332
11.700000000000047	0.12963972041263236	0.13387784090909088	0.1381987319560098
11.750000000000048	0.12534360996946556	0.1295217803030303	0.13378371049670967
11.800000000000049	0.12247262533529502	0.12660984848484846	0.1308314930269389
11.85000000000005	0.12338286031326012	0.1275331439393939	0.13176763918578382
11.90000000000005	0.11433050603615676	0.11834753787878788	0.12245086911260086
11.95000000000005	0.10845529884747021	0.11238162878787877	0.1163956151525485
12.000000000000052	0.10652097403992156	0.11041666666666666	0.1144004628823453
12.050000000000052	0.10479672639538418	0.10866477272727272	0.11262132141704023
12.100000000000053	0.09874113522318921	0.10250946969696968	0.10636770835220508
12.150000000000054	0.09392298052050915	0.0976089015151515	0.10138584367258971
12.200000000000054	0.0901542498665574	0.09377367424242423	0.09748499457871133
12.250000000000055	0.08710805218725252	0.09067234848484847	0.09432924859432712
12.300000000000056	0.08754978956259185	0.0911221590909091	0.0947870297390308
12.350000000000056	0.08088016999950516	0.08432765151515151	0.08786918639038753
12.400000000000057	0.07644519858915662	0.07980587121212121	0.08326163160070357
12.450000000000058	0.07180470705347454	0.07507102272727272	0.07843351070290812
12.500000000000059	0.07076111410626705	0.07400568181818182	0.07734666607056767
12.55000000000006	0.058277852478903276	0.06124526515151514	0.06431202752743848
12.60000000000006	0.059249368459685064	0.06223958333333333	0.06532891875423752
12.65000000000006	0.05698284828048911	0.05991950757575757	0.0629558223029582
12.700000000000061	0.045753037860217	0.04762073863636363	0.04953960171642349
12.750000000000062	0.030433462493929888	0.03197206439393939	0.03356364638359072
12.800000000000063	0.023891915919453294	0.025007891414141413	0.02615969788756386
12.850000000000064	0.012102984660416245	0.012722537878787878	0.01336415424933704
12.900000000000064	0.005014834383195521	0.0052629662004662	0.005519712053353197
12.950000000000065	0.0008376771879842086	0.0008808791035353534	0.0009256503953068781
13.000000000000066	0.00015830470081904712	0.00016636477169515315	0.0001744192111174037
13.050000000000066	0.000018426520843485477	0.000019345238095238097	0.000019745662837235716
13.100000000000067	1.583405889561388e-6	1.6980485730485729e-6	1.7354083078587558e-6