5.200000000000003	0.3238007390232084	0.32917061237373735	0.3345726276719574
5.250000000000003	0.3248812098905752	0.3302556818181818	0.3356620914674271
5.3000000000000025	0.31961667697278273	0.32496843434343436	0.33035312458776567
5.350000000000002	0.31643476144792243	0.3217724116161616	0.32714359622280187
5.400000000000002	0.3121141008572761	0.3174321338383838	0.32278451821976495
5.450000000000002	0.3116427882793682	0.316958648989899	0.3223089502253873
5.500000000000002	0.31119111969840935	0.3165048926767677	0.3218531915915811
5.550000000000002	0.3071656373491312	0.31246054292929293	0.31779073573501493
5.600000000000001	0.30496654758039626	0.31025094696969696	0.31557104951853376
5.650000000000001	0.3063605971007856	0.31165167297979796	0.3169781883450825
5.700000000000001	0.3007651083055543	0.3060290404040404	0.3113294704136026
5.750000000000001	0.3003135826422077	0.30557528409090906	0.3108735688695551
5.800000000000001	0.29780085443325244	0.3030500315656566	0.30833626740850173
5.8500000000000005	0.29485649027613214	0.30009075126262624	0.3053626280592895
5.9	0.29434616022065735	0.29957780934343436	0.3048471708417543
5.95	0.2861623290285545	0.29135101010101006	0.29657895237133747
6.	0.2917161220351854	0.2969341856060606	0.3021904592428105
6.05	0.28588760762328025	0.2910748106060606	0.2963013267876323
6.1	0.28469063440601444	0.2898713699494949	0.29509164526876974
6.1499999999999995	0.2821790972746867	0.28734611742424243	0.29255315279850436
6.199999999999999	0.27909880893310823	0.28424873737373735	0.28943926422335586
6.249999999999999	0.28025633460797783	0.28541272095959597	0.2906094865596268
6.299999999999999	0.2712719127385275	0.27637705176767674	0.2815242713963073
6.349999999999999	0.2768231190144064	0.2819602272727273	0.28713836483970245
6.399999999999999	0.2721545472074127	0.27726483585858586	0.28241703793858586
6.449999999999998	0.2686045487343384	0.27369397095959597	0.2788259790214104
6.499999999999998	0.26519223089053445	0.2702612058080808	0.2753734129911338
6.549999999999998	0.26385878571361915	0.2689196654040404	0.27402402999447384
6.599999999999998	0.26062346623873056	0.26566445707070707	0.2707495458300152
6.649999999999998	0.258643231841736	0.263671875	0.26874499134482444
6.6999999999999975	0.25544768841778925	0.2604561237373737	0.2655096378799925
6.749999999999997	0.2517232637514605	0.256707702020202	0.2617379251009865
6.799999999999997	0.25278173570124707	0.25777304292929293	0.26280993431625443
6.849999999999997	0.24431505965228922	0.24925031565656566	0.254232761128266
6.899999999999997	0.2460199505140114	0.2509666982323232	0.25596031211108683
6.949999999999997	0.24437384726366296	0.24930950126262624	0.25429233358036263
6.9999999999999964	0.24400152781600176	0.2489346590909091	0.2539150392928915
7.049999999999996	0.2374377715157826	0.24232559974747475	0.24726192190783813
7.099999999999996	0.236419061070646	0.24129971590909088	0.24622905794170458
7.149999999999996	0.2358313609752167	0.24070785984848486	0.24563315741669067
7.199999999999996	0.2276049210147144	0.232421875	0.2372891888065084
7.249999999999996	0.22449130079474663	0.22928503787878787	0.23412972584065772
7.299999999999995	0.2235514141735112	0.22833806818181818	0.23317585150678088
7.349999999999995	0.22466753338452003	0.22946259469696967	0.23430857343032663
7.399999999999995	0.22198501360773062	0.22675978535353536	0.2315859838210519
7.449999999999995	0.21466339006788765	0.21938131313131315	0.2241520534055973
7.499999999999995	0.21211895133704925	0.21681660353535354	0.22156755631824832
7.5499999999999945	0.21149266906084496	0.2161852904040404	0.220931331320117
7.599999999999994	0.21294097153874889	0.21764520202020202	0.22240257691649412
7.649999999999994	0.20444813200738524	0.20908301767676768	0.2137726616512624
7.699999999999994	0.20071147986971158	0.20531486742424243	0.20997372364452194
7.749999999999994	0.20149397422489104	0.2061040088383838	0.21076936334571394
7.799999999999994	0.19863800083872277	0.20322364267676768	0.2078651474401486
7.849999999999993	0.19541079835698474	0.19996843434343436	0.20458254700249034
7.899999999999993	0.19044379130624872	0.19495738636363635	0.19952840299515695
7.949999999999993	0.186631319952879	0.19111032196969696	0.1956474710662287
7.999999999999993	0.18811712427511343	0.19260969065656566	0.19716012134709526
8.049999999999994	0.18305409544745152	0.1875	0.19200473256559503
8.099999999999994	0.1812364010918104	0.18566524621212122	0.19015326542226774
8.149999999999995	0.17828544057358012	0.18268623737373738	0.18714677021614046
8.199999999999996	0.1757843083147137	0.18016098484848486	0.18459787382442838
8.249999999999996	0.17359608098401455	0.17795138888888887	0.18236732611933126
8.299999999999997	0.17164251738031028	0.17597853535353536	0.180375554896838
8.349999999999998	0.16283449043718382	0.16708096590909088	0.17139012211367632
8.399999999999999	0.16326405128658142	0.16751499368686867	0.1718285348958838
8.45	0.1626197139023079	0.16686395202020202	0.17117091183330424
8.5	0.15590439841507045	0.16007733585858586	0.16431427619755368
8.55	0.15352343893172787	0.15767045454545453	0.1618819275269079
8.600000000000001	0.15332829341256418	0.15747316919191917	0.16168253959309564
8.650000000000002	0.1520403909233752	0.15617108585858586	0.16036652130144669
8.700000000000003	0.14569994559992774	0.14975931186868685	0.1538846296791392
8.750000000000004	0.14452968086515897	0.14857559974747475	0.15268769379131744
8.800000000000004	0.14002500118180455	0.14401830808080807	0.1480786512160869
8.850000000000005	0.13778292011930213	0.1417495265151515	0.14578359790635168
8.900000000000006	0.13760746745518854	0.1415719696969697	0.145603970491651
8.950000000000006	0.13448866739227086	0.13841540404040403	0.1424102358827079
9.000000000000007	0.13000660995390292	0.1338778409090909	0.13781802494764858
9.050000000000008	0.12856487079738232	0.13241792929292928	0.13634021694598336
9.100000000000009	0.1245327363404529	0.12833412247474746	0.13220551018648583
9.15000000000001	0.11937269360860121	0.12310606060606061	0.12691041839305003
9.20000000000001	0.11982046071541476	0.1235598169191919	0.1273700780391407
9.25000000000001	0.11690054157357237	0.12060053661616162	0.12437199668052415
9.300000000000011	0.11248311763809757	0.11612215909090909	0.11983351348418711
9.350000000000012	0.11036259047046612	0.11397174873737373	0.11765362722877121
9.400000000000013	0.10927330495951422	0.11286695075757576	0.11653352606256924
9.450000000000014	0.1041590512194701	0.10767834595959597	0.1112715534305458
9.500000000000014	0.10279827206485875	0.10629734848484848	0.10987059943176608
9.550000000000015	0.10388688063697932	0.10740214646464646	0.1109913773787227
9.600000000000016	0.09729876964595272	0.10071417297979797	0.1042048097202167
9.650000000000016	0.09626918411708238	0.09966856060606061	0.10314336889818854
9.700000000000017	0.09153073205351488	0.09485479797979797	0.0982552094865607
9.750000000000018	0.0925597680145324	0.09590041035353536	0.09931719972977819
9.800000000000018	0.0869307414426253	0.09017913510101011	0.09350476259879816
9.85000000000002	0.08582480467446103	0.08905460858585858	0.09236186008089317
9.90000000000002	0.08347763657170577	0.0866674558080808	0.08993517652135553
9.95000000000002	0.07849479290216349	0.08159722222222222	0.08477851783484898
10.000000000000021	0.07909565202039197	0.08220880681818182	0.08540071147135277
10.050000000000022	0.07436774861289155	0.07739504419191919	0.08050200657714737
10.100000000000023	0.07310884029753119	0.07611268939393939	0.07919644976160242
10.150000000000023	0.06968203230461632	0.07262073863636363	0.07564002239790539
10.200000000000024	0.06558024694725031	0.06843828914141414	0.07137770763282791
10.250000000000025	0.06314385017240118	0.06595249368686869	0.0688429888681162
10.300000000000026	0.06144292187675348	0.06421638257575757	0.06707202722504545
10.350000000000026	0.05877674438062148	0.061493844696969696	0.06429365054979153
10.400000000000027	0.054433041452563016	0.05705492424242424	0.05976036447133678
10.450000000000028	0.055803255636793156	0.058455650252525256	0.06119133326911364
10.500000000000028	0.0498240307398249	0.05233980429292929	0.05494004258855172
10.55000000000003	0.04980475778351749	0.05232007575757575	0.05491986227631687
10.60000000000003	0.045491553570020896	0.04719065656565656	0.0489324202199506
10.65000000000003	0.04513291206233769	0.04682567866161616	0.04856114092996476
10.700000000000031	0.04054106912044868	0.04215001578282829	0.04380210743874944
10.750000000000032	0.03876968364337497	0.04034485479797979	0.041963344878496504
10.800000000000033	0.035277905204776014	0.036783854166666664	0.03833346608203704
10.850000000000033	0.03345130231238218	0.034919507575757576	0.03643155647249283
10.900000000000034	0.03199276582713128	0.033430003156565656	0.03491122879849724
10.950000000000035	0.030602562940356567	0.03200954861111111	0.03346066086948509
11.000000000000036	0.02375092147566546	0.024765888047138047	0.025810717206335702
11.050000000000036	0.02293279842306936	0.023930713383838384	0.02495854563311635
11.100000000000037	0.019278000372301735	0.02019544402356902	0.021143051358219606
11.150000000000038	0.01412910653260421	0.014811197916666666	0.015516166954300387
11.200000000000038	0.011996576719828459	0.012559185606060605	0.013140178921392822
11.250000000000039	0.009084360171652395	0.009532170664983164	0.009995400063488081
11.30000000000004	0.0055502930256517684	0.005821890782828283	0.006102809398291567
11.35000000000004	0.002793466030995628	0.0029373597081930416	0.003086463099537451
11.400000000000041	0.0011654725056604249	0.0012249626951331498	0.0012865913618936525
11.450000000000042	0.0004942571344450207	0.0005197115146563676	0.0005460910266093014
11.500000000000043	0.00015552722942253685	0.00016340237694404362	0.0001717792685939047
11.550000000000043	0.00004482169158174961	0.00004782774710499337	0.00004943970463683974
11.600000000000044	0.000010286901350359411	0.000010794858967028778	0.000011012887480821268
11.650000000000045	1.3378992294897887e-6	1.4049408325988063e-6	1.4343728443015526e-6