-0.6	0.31869349926336116	0.3240411931818182	0.3294219945005943
-0.5499999999999999	0.31560986707313643	0.32094381313131315	0.32631144959137337
-0.49999999999999994	0.31401905388870754	0.31934580176767674	0.32470654083778394
-0.44999999999999996	0.31384230131177243	0.3191682449494949	0.3245282131996243
-0.39999999999999997	0.31346915990638174	0.3187934027777778	0.32415174081767806
-0.35	0.3127228890121618	0.3180437184343434	0.32339878413785994
-0.3	0.3061446138952126	0.31143465909090906	0.31676018462347943
-0.25	0.30661585172778444	0.3119081439393939	0.31723582735939426
-0.2	0.30590899739975913	0.31119791666666663	0.3165223608347938
-0.15000000000000002	0.300627686814201	0.30589094065656564	0.3111907184070042
-0.10000000000000002	0.3011184804134002	0.30638415404040403	0.31168625872915945
-0.05000000000000002	0.3011970080485653	0.3064630681818182	0.31176554452142335
-1.3877787807814457e-17	0.30025468843442266	0.3055160984848485	0.3108141030067959
0.04999999999999999	0.30082400340104815	0.306088226010101	0.3113889353886594
0.09999999999999999	0.29534719962503336	0.30058396464646464	0.3058582526271054
0.15	0.2915983640209622	0.2968158143939394	0.30207149711770553
0.2	0.2899694213408285	0.29517834595959597	0.30042581120633116
0.25	0.28586798475481096	0.29105508207070707	0.29628149629975065
0.3	0.28955729201150054	0.2947640467171717	0.30000942004940856
0.35	0.2855932658435227	0.29077888257575757	0.29600386822218694
0.39999999999999997	0.28278734217092727	0.287957702020202	0.2931679619452885
0.44999999999999996	0.27588150224872404	0.28101325757575757	0.2861862205178234
0.49999999999999994	0.2806487257482363	0.28580729166666663	0.2910061625423669
0.5499999999999999	0.27933423446818967	0.2844854797979798	0.2896772789615082
0.6	0.27603843641749926	0.28117108585858586	0.28634491319684263
0.65	0.2730960516707157	0.2782118055555556	0.28336929455563487
0.7000000000000001	0.275293006105789	0.2804214015151515	0.285591115981916
0.7500000000000001	0.2728410580605036	0.27795533459595956	0.2831113945397222
0.8000000000000002	0.2675062897823782	0.27258917297979796	0.27771485005705765
0.8500000000000002	0.26454511043290085	0.26961016414141414	0.27471857271697586
0.9000000000000002	0.26519223089053445	0.2702612058080808	0.2753734129911338
0.9500000000000003	0.25911377060171287	0.26414535984848486	0.26922133311045005
1.0000000000000002	0.2583099380875796	0.2633364898989899	0.26840757806032345
1.0500000000000003	0.25676115188520215	0.2617779356060606	0.2668395492043123
1.1000000000000003	0.2531737722009969	0.25816761363636365	0.26320696491539886
1.1500000000000004	0.25456554462784337	0.25956833964646464	0.26461638069285764
1.2000000000000004	0.24527527278235284	0.2502170138888889	0.2552057623694084
1.2500000000000004	0.2473133849941621	0.2522687815656566	0.25727079903562533
1.3000000000000005	0.2480973135052509	0.25305792297979796	0.2580650047114078
1.3500000000000005	0.24421708057504093	0.24915167297979796	0.2541334734330869
1.4000000000000006	0.2408468106715326	0.2457583648989899	0.25071776638180676
1.4500000000000006	0.24168933968289152	0.24660669191919193	0.25157173160608626
1.5000000000000007	0.23896590887138894	0.2438644255050505	0.24881114617506705
1.5500000000000007	0.2347735331373184	0.23964251893939395	0.24456050414050112
1.6000000000000008	0.23273635283308347	0.23759075126262624	0.24249453564231427
1.6500000000000008	0.2332848091477377	0.23814315025252525	0.24305077323471191
1.7000000000000008	0.2274874190978095	0.23230350378787878	0.2371699706025655
1.7500000000000009	0.22721325002824008	0.23202730429292928	0.2368917927237465
1.800000000000001	0.22088859090563806	0.22565498737373738	0.23047301875234816
1.850000000000001	0.22039913190140126	0.225161773989899	0.229976143931776
1.900000000000001	0.21867631230876375	0.22342566287878787	0.22822706846811225
1.950000000000001	0.21875461971005056	0.22350457702020202	0.22830657447823688
2.000000000000001	0.21470253736118788	0.21942077020202022	0.2241918128173872
2.0500000000000007	0.21374344678897886	0.21845407196969696	0.22321768911646034
2.1000000000000005	0.2093008101320466	0.21397569444444445	0.21870441480157732
2.1500000000000004	0.20869417056790354	0.21336410984848486	0.21808800045081012
2.2	0.20822452481359635	0.212890625	0.21761076575593152
2.25	0.2039394420112754	0.20857007575757575	0.21325556450356953
2.3	0.19965515538047587	0.20424952651515152	0.2088995671622541
2.3499999999999996	0.19654515538457737	0.2011126893939394	0.20573648432860303
2.3999999999999995	0.19277071187522568	0.19730508207070707	0.20189643113433586
2.4499999999999993	0.19564548812530055	0.20020517676767674	0.2048212974447603
2.499999999999999	0.19447206436854234	0.19902146464646464	0.20362752015133545
2.549999999999999	0.19169521309461793	0.1962200126262626	0.2008019956345204
2.5999999999999988	0.18768701220012154	0.19217566287878787	0.19672225971994317
2.6499999999999986	0.18489149944194094	0.18935448232323232	0.193875943439335
2.6999999999999984	0.18324955612746127	0.18769728535353536	0.19220380538125648
2.7499999999999982	0.18039601702023306	0.18481691919191917	0.18929715547416093
2.799999999999998	0.17762104627360883	0.18201546717171715	0.1864697506519003
2.849999999999998	0.17723023655471137	0.18162089646464646	0.1860714933931661
2.8999999999999977	0.17465108822624667	0.1790167297979798	0.18344279969395583
2.9499999999999975	0.16908365450943164	0.1733940972222222	0.17776602918555162
2.9999999999999973	0.16840004819856635	0.17270359848484845	0.17706876832587026
3.049999999999997	0.1656658766682267	0.16994160353535354	0.17427947120831588
3.099999999999997	0.16179968197983488	0.16603535353535354	0.17033390319178154
3.149999999999997	0.16162396580412744	0.1658577967171717	0.17015453924733215
3.1999999999999966	0.15959359546672455	0.16380602904040403	0.16808176154779364
3.2499999999999964	0.1562947518697915	0.16047190656565657	0.1647129896581363
3.2999999999999963	0.15707548576728972	0.16126104797979798	0.16551038959519593
3.349999999999996	0.1536990718655536	0.15784801136363635	0.16206137470105564
3.399999999999996	0.15502613620619402	0.15918955176767677	0.1634171378519197
3.4499999999999957	0.1484894305813062	0.15258049242424243	0.15673697290499033
3.4999999999999956	0.14614857051424238	0.15021306818181818	0.15434343167392356
3.5499999999999954	0.14373005113840545	0.14776672979797978	0.15186973643423068
3.599999999999995	0.1398495216128566	0.14384075126262624	0.14789905070162057
3.649999999999995	0.13692517180206795	0.14088147095959597	0.14490539917513495
3.699999999999995	0.13723707437988716	0.1411971275252525	0.1452247500684618
3.7499999999999947	0.13550220245993805	0.13944128787878787	0.14344827457024034
3.7999999999999945	0.13347520541533864	0.1373895202020202	0.14137212411743383
3.8499999999999943	0.1319161774541335	0.13581123737373738	0.13977488480887015
3.899999999999994	0.12971435298522746	0.13358191287878787	0.13751848181435347
3.949999999999994	0.12466906817260669	0.1284722222222222	0.1323453517248585
3.999999999999994	0.1250196424214707	0.12882733585858586	0.13270493757291912
4.049999999999994	0.12069657451548362	0.12444760101010101	0.12826936441751857
4.099999999999993	0.11688107785418118	0.12058080808080808	0.12435200706375893
4.149999999999993	0.12147539497246271	0.12523674242424243	0.12906867746311423
4.199999999999993	0.11559654398036272	0.11927872474747475	0.12303262076543654
4.249999999999993	0.11045985341609756	0.11407039141414141	0.11775363095193446
4.299999999999993	0.11049875883695885	0.11410984848484848	0.11779363219864601
4.3499999999999925	0.1080868872443884	0.11166351010101011	0.11531329046134554
4.399999999999992	0.10571445148638386	0.10925662878787878	0.11287241967858955
4.449999999999992	0.1033620010079374	0.10686947601010101	0.110451017075149
4.499999999999992	0.10507282018407084	0.10860558712121211	0.11221209103669427
4.549999999999992	0.09743476125138541	0.10085227272727272	0.10434499140864319
4.599999999999992	0.09828961122176097	0.10172032828282829	0.10522608786850693
4.6499999999999915	0.09593896426520183	0.09933317550505051	0.10280288219108462
4.699999999999991	0.09213260603981395	0.09546638257575758	0.09887638855901468
4.749999999999991	0.09135600239324644	0.09467724116161616	0.09807485922873364
4.799999999999991	0.08906543823226394	0.09234927398989898	0.0957099312239676
4.849999999999991	0.08728001672968004	0.09053424873737373	0.09386564709569532
4.899999999999991	0.08419528922470304	0.08739741161616162	0.09067729666768166
4.94999999999999	0.08142204028497967	0.08457623106060605	0.08780872112177383
4.99999999999999	0.08010366038590502	0.08323469065656566	0.08644427550595908
5.04999999999999	0.07822345423270631	0.08132102272727272	0.08449751010450149
5.09999999999999	0.07553003675317184	0.07857875631313131	0.08170691709496522
5.14999999999999	0.07237297958972276	0.07536300505050506	0.07843308474147262
5.1999999999999895	0.07436774861289155	0.07739504419191919	0.08050200657714737
5.249999999999989	0.0680757905424309	0.0709832702020202	0.07397163992040434
5.299999999999989	0.06590905245445443	0.06877367424242424	0.07171960822457625
5.349999999999989	0.06366583990932677	0.06648516414141414	0.0693862381368443
5.399999999999989	0.06546420270925858	0.06831991792929293	0.07125703207307174
5.449999999999989	0.06101778039323153	0.06378235479797979	0.06662919626193466
5.4999999999999885	0.06262191351300019	0.06541982323232323	0.06829968654368831
5.549999999999988	0.05840977964909131	0.06111900252525252	0.06391100280192706
5.599999999999988	0.057849732035690125	0.060546875	0.0633269050772478
5.649999999999988	0.054259384127190745	0.05687736742424242	0.05957894227891837
5.699999999999988	0.05107698663351939	0.05362215909090909	0.0562515492612523
5.749999999999988	0.04978548492804253	0.05230034722222222	0.054899681863309194
5.799999999999987	0.05009386268496085	0.05261600378787879	0.05522255640849416
5.849999999999987	0.045287996794200584	0.04698350694444445	0.04872169762309038
5.899999999999987	0.044977832673254926	0.04666785037878788	0.048400578895642324
5.949999999999987	0.043747082610136157	0.045415088383838384	0.04712592521834549
5.999999999999987	0.04003763975274992	0.04163707386363636	0.04327970236280173
6.0499999999999865	0.03833422748882425	0.03990096275252525	0.041511059756984735
6.099999999999986	0.03669932948964742	0.03823390151515151	0.039811996246439746
6.149999999999986	0.03415668554916455	0.035639599116161616	0.037166286479020955
6.199999999999986	0.033248415024355174	0.034712357954545456	0.03622016462082291
6.249999999999986	0.02957004704090788	0.030954071969696968	0.03238232644380881
6.299999999999986	0.027756971396930275	0.029099589646464644	0.030486618828936315
6.349999999999985	0.023963555484347768	0.024982901936026935	0.02603209678148406
6.399999999999985	0.021612894486480277	0.0225825968013468	0.02358230497644927
6.449999999999985	0.018204923774499563	0.01909722222222222	0.020019757471018276
6.499999999999985	0.01846187974275454	0.01936026936026936	0.02028887823234369
6.549999999999985	0.01318503426472665	0.013844499684343434	0.014526892133498453
6.5999999999999845	0.010466454127417724	0.010992739898989898	0.011537475140186538
6.649999999999984	0.008345182273104995	0.008742559523809524	0.009153172055268876
6.699999999999984	0.0065529194287918344	0.006882792771464646	0.0072242938085140115
6.749999999999984	0.002961195323603302	0.003113627079619727	0.003271573033294687
6.799999999999984	0.0016766729268407534	0.001763073442760943	0.001852607162252847
6.849999999999984	0.0009499954210826012	0.0009984830948372616	0.0010487140203578045
6.8999999999999835	0.0004464486865388586	0.0004693314726209463	0.0004930420195000455
6.949999999999983	0.00013486007459577226	0.00014172672054809938	0.00014833693765723668
6.999999999999983	0.00005507609994007862	0.00005814869825502606	0.00006085905165395788
7.049999999999983	0.000014845712395694606	0.000015921274144958354	0.000016271624039513248
7.099999999999983	4.249907916351159e-6	4.458771148012634e-6	4.547728031723288e-6