-0.6	0.3222684905498796	0.3276317866161616	0.3330275142623983
-0.5499999999999999	0.322150627992871	0.3275134154040404	0.3329086566746977
-0.49999999999999994	0.31533490656853114	0.32066761363636365	0.32603406309404437
-0.44999999999999996	0.31906669587746467	0.32441603535353536	0.3297984116764804
-0.39999999999999997	0.31890955998343906	0.32425820707070707	0.3296399207115578
-0.35	0.31346915990638174	0.3187934027777778	0.32415174081767806
-0.3	0.3139994146695725	0.3193260732323232	0.324686726699735
-0.25	0.30702819012157917	0.3123224431818182	0.31765200946327055
-0.2	0.3089525010856174	0.31425583964646464	0.31959412749189187
-0.15000000000000002	0.31070018222703594	0.3160116792929293	0.3213577951341374
-0.10000000000000002	0.30854013972122996	0.3138415404040404	0.3191779683573629
-0.05000000000000002	0.30251237292812677	0.307784880050505	0.3130935545531198
-1.3877787807814457e-17	0.3044953323823879	0.3097774621212121	0.31509538414921656
0.04999999999999999	0.29837012800275176	0.30362215909090906	0.30891114118522944
0.09999999999999999	0.29917497947628197	0.30443102904040403	0.30972387734000073
0.15	0.29701566533912754	0.30226089015151514	0.3075433222328553
0.2	0.294287276487077	0.2995186237373737	0.30478769450542664
0.25	0.29220678494844804	0.297427398989899	0.30268613024364277
0.3	0.29014604978025094	0.2953559027777778	0.3006042629753988
0.35	0.28612308297108024	0.291311553030303	0.29653929171610727
0.39999999999999997	0.28414121891855015	0.28931897095959597	0.2945363667798523
0.44999999999999996	0.2849849679764644	0.29016729797979796	0.29538911204299734
0.49999999999999994	0.282630374642125	0.2877998737373737	0.293009302624222
0.5499999999999999	0.2832974919371236	0.2884706439393939	0.2936835994415633
0.6	0.28111960148939813	0.2862807765151515	0.2914821673491983
0.65	0.27823559692591276	0.2833806818181818	0.2885665285629404
0.7000000000000001	0.2765288607466759	0.2816642992424242	0.28684082276739464
0.7500000000000001	0.2768427363300601	0.2819799558080808	0.2871582008800775
0.8000000000000002	0.27070311720899776	0.2758049242424242	0.2809489196084226
0.8500000000000002	0.27095809321960196	0.2760613952020202	0.2812068372227807
0.9000000000000002	0.26754551263642734	0.272628630050505	0.277754533914248
0.9500000000000003	0.26358426020387804	0.2686434659090909	0.27374620852782916
1.0000000000000002	0.262505791407582	0.26755839646464646	0.2726547427756423
1.0500000000000003	0.2587608658295559	0.2637902462121212	0.26886407748836316
1.1000000000000003	0.2535070074032378	0.2585029987373737	0.2635444367475439
1.1500000000000004	0.2564278794548325	0.2614425505050505	0.26650211459758644
1.2000000000000004	0.25491839893831675	0.2599234532828283	0.26497368677298905
1.2500000000000004	0.25538887800123394	0.26039693813131315	0.26545008823135596
1.3000000000000005	0.24741137487047943	0.2523674242424242	0.25737007593257666
1.3500000000000005	0.25205648220937227	0.2570430871212121	0.2620754136762
1.4000000000000006	0.24894006082563885	0.25390625	0.2589187516437734
1.4500000000000006	0.243119738439939	0.248046875	0.2530214277188809
1.5000000000000007	0.23853488708703685	0.24343039772727273	0.24837419416765194
1.5500000000000007	0.2408859974962049	0.24579782196969696	0.2507574862657259
1.6000000000000008	0.23612520942216603	0.24100378787878787	0.24593110927984174
1.6500000000000008	0.2335786296778064	0.2384390782828283	0.24334875301237346
1.7000000000000008	0.23056222695742234	0.2354008838383838	0.2402893392531299
1.7500000000000009	0.23113022456214874	0.23597301136363635	0.24086548890530568
1.800000000000001	0.22930875843156795	0.23413825757575757	0.23901779314683447
1.850000000000001	0.22688033434372745	0.23169191919191917	0.23655400139982719
1.900000000000001	0.2266649205947213	0.2314749053030303	0.23633542826121612
1.950000000000001	0.22043828827069226	0.22520123106060608	0.2300158942684395
2.000000000000001	0.21949855229581158	0.22425426136363635	0.22906186930200845
2.0500000000000007	0.21953770725680166	0.22429371843434343	0.22910162104682807
2.1000000000000005	0.21440893419343648	0.21912484217171715	0.22389361569705923
2.1500000000000004	0.2143502139843557	0.21906565656565657	0.22383397584855347
2.2	0.21335199212707512	0.21805950126262624	0.22282007672918247
2.25	0.2103380039950823	0.21502130681818182	0.219758248603106
2.3	0.20448726247096943	0.20912247474747475	0.21381243789110072
2.3499999999999996	0.20315686393830773	0.20778093434343436	0.21246000851141755
2.3999999999999995	0.20458508891956403	0.20922111742424243	0.21391187820107715
2.4499999999999993	0.19695588521802046	0.20152698863636365	0.2061542748661762
2.499999999999999	0.19527389714879723	0.19983033459595959	0.2044432747546171
2.549999999999999	0.19603664329707776	0.20059974747474746	0.20521920929124093
2.5999999999999988	0.19341603681012334	0.19795612373737373	0.2025530667705726
2.6499999999999986	0.19040468555419804	0.19491792929292928	0.19948860204649044
2.6999999999999984	0.1861816894533501	0.19065656565656566	0.19518967451725788
2.7499999999999982	0.18475466582565495	0.18921638257575757	0.19373660360729772
2.799999999999998	0.18659222126357364	0.1910708648989899	0.19560766305562227
2.849999999999998	0.1824090884985225	0.18684895833333331	0.19134777898036726
2.8999999999999977	0.18139275548510994	0.1858230744949495	0.19031253782378732
2.9499999999999975	0.1753544584197806	0.17972695707070707	0.18415975004911167
2.9999999999999973	0.17486600418534043	0.17923374368686867	0.18366187056883987
3.049999999999997	0.1729904548657188	0.17733980429292928	0.18174989843870948
3.099999999999997	0.17287323912238264	0.1772214330808081	0.1816303940922228
3.149999999999997	0.16705244125746627	0.17134232954545453	0.17569409428357485
3.1999999999999966	0.1678531813243111	0.1721511994949495	0.1765109414661269
3.2499999999999964	0.16494334267138663	0.16921164772727273	0.1735422313575561
3.2999999999999963	0.16302974408411972	0.16727825126262624	0.17158940193547978
3.349999999999996	0.1617801578738519	0.166015625	0.1703139739510664
3.399999999999996	0.16094064179861803	0.16516729797979798	0.16945699612126996
3.4499999999999957	0.1596521605321174	0.16386521464646464	0.16814155652145357
3.4999999999999956	0.1528209258518973	0.15696022727272727	0.16116412017766146
3.5499999999999954	0.15375761659038206	0.15790719696969696	0.16212119001228398
3.599999999999995	0.1484894305813062	0.15258049242424243	0.15673697290499033
3.649999999999995	0.147299449877218	0.15137705176767677	0.15552029960895047
3.699999999999995	0.14115591934772326	0.14516256313131312	0.14923602692946103
3.7499999999999947	0.1429889682875102	0.14701704545454544	0.15111159223777548
3.7999999999999945	0.13565813737599683	0.13959911616161616	0.1436079663868852
3.8499999999999943	0.13797787001597964	0.14194681186868685	0.1459831814310012
3.899999999999994	0.13908913429865172	0.14307133838383837	0.14712075765846863
3.949999999999994	0.13318287429444184	0.13709359217171718	0.1410726551228331
3.999999999999994	0.12973383658542845	0.1336016414141414	0.13753845155424294
4.049999999999994	0.12977280387063192	0.13364109848484848	0.13757839094924537
4.099999999999993	0.12727912734811145	0.13111584595959597	0.1350220399815926
4.149999999999993	0.12389004880250694	0.1276830808080808	0.13154623755296635
4.199999999999993	0.12281897548527443	0.12659801136363635	0.13044737726530312
4.249999999999993	0.12128068523760065	0.12503945707070707	0.12886885382140562
4.299999999999993	0.11736768049271616	0.12107402146464646	0.1248517378314859
4.3499999999999925	0.11738714501584027	0.12109375	0.12487172664470031
4.399999999999992	0.11670590583109931	0.12040325126262626	0.12417209906160968
4.449999999999992	0.11248311763809757	0.11612215909090909	0.11983351348418711
4.499999999999992	0.11092672759643918	0.11454387626262626	0.11823363678450241
4.549999999999992	0.10690060212019745	0.11046006944444443	0.11409292229955208
4.599999999999992	0.10925385442970613	0.11284722222222222	0.1165135232590875
4.6499999999999915	0.10445067068660246	0.10797427398989898	0.11157173393068151
4.699999999999991	0.10116558328173401	0.1046401515151515	0.10818920849031485
4.749999999999991	0.10207907814126063	0.10556739267676768	0.10913002013518226
4.799999999999991	0.10042707561453987	0.10389046717171718	0.10742848963750407
4.849999999999991	0.09535625271154592	0.09874131944444443	0.10220199394246192
4.899999999999991	0.09687138050263285	0.1002801452020202	0.10376422565764314
4.94999999999999	0.09325880580054141	0.09661063762626262	0.10003848164876988
4.99999999999999	0.09283160935823952	0.09617660984848483	0.09959770493620546
5.04999999999999	0.08743525509556137	0.09069207702020202	0.09402603530189096
5.09999999999999	0.08702776081973103	0.09027777777777776	0.09360500982789913
5.14999999999999	0.08411770187866102	0.08731849747474747	0.0905970707371309
5.1999999999999895	0.08398192592867411	0.08718039772727272	0.09045667345364923
5.249999999999989	0.07942517735657946	0.08254419191919192	0.08574189249163948
5.299999999999989	0.08006488817731293	0.08319523358585859	0.08640414108292539
5.349999999999989	0.07810716949959172	0.08120265151515152	0.0843770749530586
5.399999999999989	0.07549129047731004	0.07853929924242424	0.08166675674775326
5.449999999999989	0.07479389677513094	0.07782907196969696	0.08094383124792841
5.4999999999999885	0.06987558530074761	0.07281802398989899	0.07584100245385336
5.549999999999988	0.06819188939066845	0.07110164141414141	0.07409226089107361
5.599999999999988	0.06745663678703336	0.07035195707070707	0.07332828799025419
5.649999999999988	0.06426522614893884	0.06709674873737373	0.07000990411525444
5.699999999999988	0.05750215092900957	0.06019176136363636	0.06296432702415458
5.749999999999988	0.059163054354928274	0.0618884154040404	0.06469640635713313
5.799999999999987	0.0562472217543354	0.05890940656565656	0.0616547926687816
5.849999999999987	0.05615070352637011	0.058810763888888895	0.061554044478171366
5.899999999999987	0.056401655351608924	0.05906723484848485	0.06181598534329563
5.949999999999987	0.051308346976828206	0.05385890151515152	0.056493628184397314
5.999999999999987	0.04826325264652487	0.05074179292929293	0.05330510610629076
6.0499999999999865	0.048224723531547574	0.050702335858585856	0.05326472869316828
6.099999999999986	0.047343361912185376	0.049074731691919185	0.05084858152982672
6.149999999999986	0.0422067197867809	0.04384666982323232	0.04552960162200619
6.199999999999986	0.041567492466647454	0.04319562815656565	0.04486680821737468
6.249999999999986	0.03799557607048281	0.039555713383838384	0.04115924575149179
6.299999999999986	0.0371345815018364	0.038677793560606064	0.04026448543739095
6.349999999999985	0.03445628192575036	0.03594539141414141	0.037478245061211876
6.399999999999985	0.030969351282083044	0.03238439078282828	0.03384352035134853
6.449999999999985	0.027930502407952622	0.029277146464646464	0.030668184058271177
6.499999999999985	0.025049780448128767	0.026327730429292928	0.027650363827656312
6.549999999999985	0.02591646620605546	0.02721551452020202	0.028559158780509304
6.5999999999999845	0.02021672785846596	0.021155566077441075	0.02212450433480354
6.649999999999984	0.016284902278516995	0.01701586174242424	0.01776958754611766
6.699999999999984	0.013358374937453761	0.014022056502525252	0.0147086559976155
6.749999999999984	0.009977391518453912	0.01044625946969697	0.01093051420082367
6.799999999999984	0.007268118456269779	0.007615214646464646	0.007973918386578112
6.849999999999984	0.003463823267833878	0.0036392571548821548	0.0038209333700003653
6.8999999999999835	0.002405369273932383	0.0025290103415103416	0.0026571204923383548
6.949999999999983	0.0010751122643943218	0.0011304031001504406	0.0011876963674118948
6.999999999999983	0.0004463191052611148	0.0004688035011128231	0.0004920873817395992
7.049999999999983	0.00014682795289201324	0.0001543010598408326	0.00016222856097484865
7.099999999999983	0.00005704522159024336	0.000059956069571454195	0.00006302718298856391
7.149999999999983	0.00002225157944082427	0.0000233297759339426	0.000023778629971800896
7.199999999999982	3.547821491324756e-6	3.727388595809648e-6	3.8074111252882934e-6