4.200000000000003	0.3191726284066033	0.32644959207459207	0.3337868929815292
4.250000000000003	0.3217795936497912	0.32907196969696967	0.3364237708574861
4.3000000000000025	0.3202588325187345	0.3275422494172494	0.3348856234997042
4.350000000000002	0.31428526843625554	0.321532634032634	0.3288420471636955
4.400000000000002	0.3155522736681831	0.3228074009324009	0.33012413231359317
4.450000000000002	0.30881975882387785	0.3160329254079254	0.32331005262110524
4.500000000000002	0.30961598583678324	0.31683420745920743	0.324116110975177
4.550000000000002	0.3071550008077207	0.31435751748251745	0.3216245776045943
4.600000000000001	0.30961598583678324	0.31683420745920743	0.324116110975177
4.650000000000001	0.3042600293914836	0.31144376456876455	0.31869305681443816
4.700000000000001	0.3043685848399893	0.3115530303030303	0.31880299482312113
4.750000000000001	0.2965537948333336	0.3036858974358974	0.3108862560298188
4.800000000000001	0.2974581588636342	0.3045964452214452	0.31180267078345447
4.8500000000000005	0.299230808153846	0.30638111888111885	0.3135987479192638
4.9	0.28798208173637374	0.29505390442890445	0.30219698642499637
4.95	0.29105597774884867	0.2981497668997669	0.30531373818088847
5.	0.2833538979330132	0.2903918997668997	0.29750278308012545
5.05	0.27525675685151024	0.28223339160839156	0.28928574689441766
5.1	0.28165471265277203	0.2886800699300699	0.29577890435411347
5.1499999999999995	0.28075094051267035	0.2877695221445221	0.2948618977730215
5.199999999999999	0.27616031634129695	0.2831439393939394	0.2902029661016061
5.249999999999999	0.27113697509668194	0.2780812937062937	0.28510277784377747
5.299999999999999	0.26929415536543083	0.2762237762237762	0.28323120908543764
5.349999999999999	0.25769871326407184	0.26453234265734266	0.271447853477903
5.399999999999999	0.25863768100433066	0.2654793123543123	0.27240249549201256
5.449999999999998	0.2525351203412966	0.25932400932400934	0.2661965928482388
5.499999999999998	0.2471201103630196	0.25386072261072257	0.2606869314507336
5.549999999999998	0.25145200720034777	0.25823135198135194	0.26509477169873374
5.599999999999998	0.2529322756472312	0.2597246503496503	0.26660058011734455
5.649999999999998	0.23986620846527368	0.2465399184149184	0.2533017740173238
5.6999999999999975	0.2413456513958446	0.24803321678321677	0.2548084078355297
5.749999999999997	0.24307781879479107	0.24978146853146854	0.25657213518681987
5.799999999999997	0.23221814772686136	0.23881847319347319	0.2455096332912109
5.849999999999997	0.2342381036561097	0.24085810023310023	0.24756822110147148
5.899999999999997	0.23048692287178826	0.23707022144522144	0.24374496353821762
5.949999999999997	0.22255413633972887	0.22905740093240093	0.23565490010140355
5.9999999999999964	0.2313164489198118	0.2379079254079254	0.24459055365356508
6.049999999999996	0.2177960706507662	0.2242497086247086	0.23079925607383367
6.099999999999996	0.22125636088056264	0.2277462121212121	0.2343307547084008
6.149999999999996	0.2081395947107864	0.21448863636363635	0.22093698870985934
6.199999999999996	0.21725545917444264	0.22370337995337997	0.23024740055011061
6.249999999999996	0.20889606890229162	0.21525349650349648	0.2217099682507181
6.299999999999995	0.1970124876413136	0.20323426573426573	0.20955927730148016
6.349999999999995	0.20309727976176073	0.20938956876456874	0.21578294559980427
6.399999999999995	0.19971256475649007	0.2059659090909091	0.21232153463842462
6.449999999999995	0.18855515933952152	0.19467511655011654	0.20090129157198866
6.499999999999995	0.193557039215323	0.1997377622377622	0.20602293775784097
6.5499999999999945	0.18610877810139295	0.19219842657342656	0.19839515658509543
6.599999999999994	0.19013831687626429	0.19627768065268064	0.20252270340056022
6.649999999999994	0.18175662583871063	0.18779137529137527	0.19393474342030814
6.699999999999994	0.17880795163324487	0.18480477855477853	0.19091126600681785
6.749999999999994	0.17018113457743553	0.1760635198135198	0.1820586157006745
6.799999999999994	0.17384689283210875	0.17977855477855478	0.18582163092536874
6.849999999999993	0.16321170580204475	0.168997668997669	0.17489880929968082
6.899999999999993	0.16428921607923164	0.17009032634032634	0.1760062322382424
6.949999999999993	0.1610569503985743	0.1668123543123543	0.17268369833933006
6.999999999999993	0.15678441736345114	0.16247814685314685	0.16828933003016422
7.049999999999993	0.1549178820039233	0.16058420745920746	0.16636864811632623
7.0999999999999925	0.14731111995660567	0.15286276223776224	0.1585352174817503
7.149999999999992	0.14157344457636245	0.1470352564102564	0.15261991819695192
7.199999999999992	0.1406413492088725	0.14608828671328672	0.15165840526431904
7.249999999999992	0.1422904944353516	0.14776369463869463	0.15335949012351027
7.299999999999992	0.14239805590083254	0.14787296037296035	0.15347042192707347
7.349999999999992	0.13236358965010175	0.13767482517482516	0.14311218449756288
7.3999999999999915	0.1342264126709151	0.13956876456876455	0.14503657764537273
7.449999999999991	0.1233410019478058	0.1284965034965035	0.1337813416603595
7.499999999999991	0.12477259517386133	0.12995337995337994	0.13526299118191878
7.549999999999991	0.11593609736192899	0.12095716783216783	0.1261102163363593
7.599999999999991	0.11325470750243319	0.11822552447552448	0.12332927710361848
7.649999999999991	0.11750957027362254	0.12255973193473192	0.12774130997610203
7.69999999999999	0.10846611983702509	0.11334498834498835	0.11835850431708345
7.74999999999999	0.10968086585010164	0.11458333333333333	0.11962001383168139
7.79999999999999	0.1063943392267077	0.11123251748251747	0.11620608450080813
7.84999999999999	0.1032163174713675	0.10799096736596736	0.1129021439959057
7.89999999999999	0.10221677032795314	0.10697115384615385	0.11186242223529304
7.9499999999999895	0.09690009703590968	0.10154428904428904	0.10632727277216565
7.999999999999989	0.09454637102123242	0.09914044289044288	0.10387415173270158
8.04999999999999	0.09483162687050457	0.09943181818181818	0.10417154399004518
8.09999999999999	0.08891516522563865	0.09338578088578088	0.09799805870345608
8.149999999999991	0.08340311634750835	0.0864656177156177	0.08960005190097019
8.199999999999992	0.08037610256928444	0.0833879662004662	0.0864723028658116
8.249999999999993	0.07982098342241446	0.08282342657342656	0.08589844189003627
8.299999999999994	0.07362807027033695	0.07652243589743589	0.07949048101754311
8.349999999999994	0.07276938235499572	0.07564831002331002	0.07860107094253169
8.399999999999995	0.06829892798450737	0.07109557109557109	0.07396684890625066
8.449999999999996	0.06501080283137292	0.06774475524475523	0.07055393296598475
8.499999999999996	0.06393900214141118	0.06665209790209789	0.06944061171125722
8.549999999999997	0.0553191596996679	0.05785620629370629	0.060470225700574136
8.599999999999998	0.05562228511638566	0.058165792540792544	0.06078621794580636
8.649999999999999	0.05075704290452315	0.05319420163170163	0.05570916004584365
8.7	0.050222753762810914	0.05264787296037296	0.05515088889951119
8.75	0.04472407011912486	0.04702068764568765	0.04939620382488937
8.8	0.0476058223825824	0.04997086247086247	0.05241427539974056
8.850000000000001	0.03890693769704226	0.040658993783993784	0.042464352656041135
8.900000000000002	0.037148213513211244	0.03886217948717948	0.040629662260259644
8.950000000000003	0.03334909366227717	0.0349771756021756	0.03665923867015753
9.000000000000004	0.027997529356235746	0.02929232226107226	0.030628084537082455
9.050000000000004	0.021490458028155145	0.02250874125874126	0.023560275121155036
9.100000000000005	0.017883439732542774	0.018733003108003108	0.019610494349657264
9.150000000000006	0.01196163990876724	0.01256555944055944	0.013190698916476994
9.200000000000006	0.009942010610621688	0.010434877622377622	0.010944793129004121
9.250000000000007	0.006707427693088841	0.007050241425241424	0.007405318491856794
9.300000000000008	0.003286786799474141	0.003453801945181255	0.003626780253026086
9.350000000000009	0.0014488549711811642	0.0015229962345346961	0.0015998084013181132
9.40000000000001	0.0007556647882717158	0.0007942890442890443	0.0008343041881903332
9.45000000000001	0.0002238421226691124	0.00023520219415741804	0.0002472935434245387
9.50000000000001	0.00007898273678264014	0.00008338392582765572	0.00008675526054156015
9.550000000000011	0.000027789527505890735	0.000028906278906278902	0.000029200249048174768
9.600000000000012	0.000010679569281372855	0.000011164847613445745	0.000011343748662716127
9.650000000000013	6.232816769161302e-6	6.406779645809669e-6	6.369649524576552e-6