-0.6	0.3850378682102379	0.3926282051282051	0.40025586624558374
-0.5499999999999999	0.3792318590513085	0.38680069930069927	0.39440888983856837
-0.49999999999999994	0.38032039903238885	0.38789335664335667	0.3955052846467143
-0.44999999999999996	0.3773451515948346	0.38490675990675993	0.3925083769986708
-0.39999999999999997	0.37571252163773466	0.3832677738927739	0.3908636047813311
-0.35	0.37770797056517086	0.385270979020979	0.3928738696232974
-0.3	0.37135928642775895	0.3788971445221445	0.38647710088351794
-0.25	0.3731730556628623	0.38071824009324007	0.3883048896056899
-0.2	0.3724475344431607	0.37998980186480186	0.38757378764173744
-0.15000000000000002	0.37016226054997103	0.37769522144522144	0.38527069851294027
-0.10000000000000002	0.371395560707269	0.37893356643356646	0.386513657763097
-0.05000000000000002	0.37001716984992056	0.3775495337995338	0.38512446457702854
-1.3877787807814457e-17	0.36624506624522285	0.373761655011655	0.38132212766087936
0.04999999999999999	0.36134932043957335	0.3688446969696969	0.3763856670642972
0.09999999999999999	0.36102296704841735	0.3685168997668998	0.3760565400304451
0.15	0.36461305846611136	0.372122668997669	0.37967673330036433
0.2	0.3573608123330325	0.3648382867132867	0.3723627477696373
0.25	0.36399654623438826	0.3715034965034965	0.37905511583635376
0.3	0.36609999515075164	0.37361596736596736	0.38117587412050924
0.35	0.35670820050118596	0.3641826923076923	0.3717043987573472
0.39999999999999997	0.3548954685587238	0.36236159673659674	0.3698755728044286
0.44999999999999996	0.356236879054789	0.36370920745920743	0.37122891515023293
0.49999999999999994	0.3526478421386746	0.36010343822843816	0.36760766744461526
0.5499999999999999	0.35116160689419446	0.35861013986013984	0.36610782522824226
0.6	0.3551854978819069	0.362652972027972	0.3701681927439894
0.65	0.3465946448364155	0.354020979020979	0.36149806146379115
0.7000000000000001	0.34557986577334626	0.35300116550116545	0.3604735681288721
0.7500000000000001	0.3415573566836092	0.3489583333333333	0.356411818809389
0.8000000000000002	0.34061523195686444	0.3480113636363636	0.3554603334643378
0.8500000000000002	0.3408688777526396	0.348266317016317	0.3557165057645808
0.9000000000000002	0.3417747746542671	0.3491768648018648	0.35663138777870007
0.9500000000000003	0.3446376040812471	0.35205419580419584	0.3595222197394189
1.0000000000000002	0.34260822607086777	0.3500145687645687	0.3574730529664577
1.0500000000000003	0.33876731177458774	0.34615384615384615	0.35359386466646403
1.1000000000000003	0.3390934063013999	0.34648164335664333	0.35392325054724183
1.1500000000000004	0.3338763606748291	0.3412368881118881	0.3486526096869793
1.2000000000000004	0.3297831307984314	0.33712121212121215	0.34451591897101874
1.2500000000000004	0.3345646636651785	0.34192890442890445	0.3493480986593357
1.3000000000000005	0.33007289655519956	0.3374125874125874	0.34480880245813206
1.3500000000000005	0.3246403101664088	0.3319493006993007	0.3393167155658777
1.4000000000000006	0.3256180941456486	0.3329326923076923	0.3403053727706332
1.4500000000000006	0.3252559477404117	0.33256847319347316	0.33993920762589436
1.5000000000000007	0.32688564532364994	0.3342074592074592	0.3415869120206808
1.5500000000000007	0.32264863938462085	0.32994609557109555	0.3373026728338522
1.6000000000000008	0.3184485173227527	0.32572115384615385	0.33305438098064266
1.6500000000000008	0.31786924287784196	0.32513840326340326	0.33246835695899457
1.7000000000000008	0.3176882222459577	0.3249562937062937	0.33228522182030573
1.7500000000000009	0.3107741784331868	0.3179997086247086	0.3252885152802708
1.800000000000001	0.3198243454817236	0.3271051864801865	0.3344461366841325
1.850000000000001	0.3054903517980213	0.3126821095571095	0.31993899359182065
1.900000000000001	0.30845784565834994	0.31566870629370625	0.32294365425694016
1.950000000000001	0.3068654887885025	0.31406614219114215	0.32133144040177264
2.000000000000001	0.3140318748207552	0.32127768065268064	0.3285856227034665
2.0500000000000007	0.3012930284941402	0.3084571678321678	0.31568790323308327
2.1000000000000005	0.30722737932776234	0.3144303613053613	0.32169786139010903
2.1500000000000004	0.3031383171372237	0.3103146853146853	0.3175570033471793
2.2	0.30078650244903127	0.30794726107226106	0.3151747931510974
2.25	0.2920686406242449	0.2991695804195804	0.3063403475205201
2.3	0.2954686017391854	0.30259324009324007	0.30978651458767803
2.3499999999999996	0.2944196272370782	0.3015370046620046	0.30872338570932323
2.3999999999999995	0.2894285723465268	0.29651078088578087	0.303663741818326
2.4499999999999993	0.28823521132725793	0.2953088578088578	0.3024536748840504
2.499999999999999	0.28671647376318127	0.29377913752913754	0.3009135041527149
2.549999999999999	0.2850532049472577	0.2921037296037296	0.2992265400855393
2.5999999999999988	0.2845108597340687	0.2915574009324009	0.29867641805697465
2.6499999999999986	0.2820162312089468	0.289044289044289	0.2961456972874932
2.6999999999999984	0.28129319963640276	0.28831585081585076	0.29541210588153977
2.7499999999999982	0.2794495696553425	0.2864583333333333	0.29354134727868064
2.799999999999998	0.27550974995129535	0.28248834498834496	0.28954257182937737
2.849999999999998	0.2708840302087435	0.2778263403263403	0.28484590470267557
2.8999999999999977	0.26560896681993507	0.27250874125874125	0.2794876207066066
2.9499999999999975	0.26709019550190066	0.2740020396270396	0.2809924690147354
2.9999999999999973	0.2645974523959234	0.27148892773892774	0.2784598630468572
3.049999999999997	0.2599017399193054	0.26675407925407923	0.2736875266392864
3.099999999999997	0.2560375622104724	0.2628569347319347	0.26975877190224307
3.149999999999997	0.2614548264855981	0.26832022144522144	0.27526617930521124
3.1999999999999966	0.2592516433388763	0.26609848484848486	0.2730266626150718
3.2499999999999964	0.25712090713694624	0.26394959207459207	0.27086036129729607
3.2999999999999963	0.2505494551808844	0.25732080419580416	0.26417654514859545
3.349999999999996	0.2534738629854731	0.260270979020979	0.2671514599284932
3.399999999999996	0.25434043127239414	0.2611451048951049	0.2680328390844642
3.4499999999999957	0.24820300074747775	0.25495337995337997	0.261788975325953
3.4999999999999956	0.2432221727011767	0.24992715617715616	0.2567191058439048
3.5499999999999954	0.24156216427846547	0.24825174825174826	0.2550288817955245
3.599999999999995	0.23286739661674793	0.23947406759906759	0.2461713448855204
3.649999999999995	0.23972187835383355	0.24639423076923075	0.25315477956877686
3.699999999999995	0.23560890590141717	0.24224213286713286	0.24896500212606087
3.7499999999999947	0.23138858329079134	0.23798076923076922	0.24466408155791453
3.7999999999999945	0.23257883889807104	0.2391826923076923	0.24587725349970524
3.8499999999999943	0.2336609522136123	0.24027534965034963	0.24698007432941027
3.899999999999994	0.22922466868949826	0.23579545454545453	0.24245812791740862
3.949999999999994	0.22374384294457283	0.23025932400932397	0.23686862095752492
3.999999999999994	0.22100402615343742	0.22749125874125875	0.2340732714938073
4.049999999999994	0.21801231971951793	0.2244682400932401	0.23101999380584182
4.099999999999993	0.21458867793095626	0.2210081585081585	0.22752467796749343
4.149999999999993	0.21949008993383626	0.22596153846153846	0.23252830007519365
4.199999999999993	0.2125708356043906	0.21896853146853146	0.22546397690400055
4.249999999999993	0.20252110996303546	0.20880681818181818	0.21519381735243703
4.299999999999993	0.20561825220473987	0.21193910256410256	0.21836015215185445
4.3499999999999925	0.198092465459	0.20432692307692307	0.2106642332542188
4.399999999999992	0.19517668898405297	0.20137674825174826	0.20768068858147526
4.449999999999992	0.19326911853649603	0.19944638694638694	0.20572820944591574
4.499999999999992	0.19359302966333775	0.19977418414918413	0.20605977843373524
4.549999999999992	0.18772766360765783	0.1938374125874126	0.20005367151268416
4.599999999999992	0.18567710404962642	0.19176136363636365	0.19795285719397593
4.6499999999999915	0.18222415229364933	0.18826486013986013	0.19441402150227416
4.699999999999991	0.18024625592240356	0.18626165501165498	0.19238620639341963
4.749999999999991	0.17776526915250362	0.1837485431235431	0.1898418461175223
4.799999999999991	0.17794503668308012	0.18393065268065267	0.19002623416677789
4.849999999999991	0.17510497049317267	0.18105332167832167	0.18711264225509883
4.899999999999991	0.16472024472173077	0.17052738927738925	0.17644917688824568
4.94999999999999	0.15775368972521178	0.16346153846153844	0.16928649743596402
4.99999999999999	0.16069785916772936	0.16644813519813517	0.17231447851847326
5.04999999999999	0.1550973443823591	0.160766317016317	0.16655334124165377
5.09999999999999	0.1531234020357322	0.15876311188811187	0.1645215730861408
5.14999999999999	0.15147271358120692	0.15708770396270394	0.16282203100643733
5.1999999999999895	0.15308751511733815	0.15872668997668998	0.16448462890530946
5.249999999999989	0.141860258964852	0.14732663170163168	0.15291575252099862
5.299999999999989	0.1427207465168641	0.14820075757575757	0.15380321112003084
5.349999999999989	0.13153975704362109	0.13683712121212122	0.142260902295773
5.399999999999989	0.13329495893174476	0.13862179487179488	0.14407442328644832
5.449999999999989	0.12899704769081974	0.1342511655011655	0.13963260520853846
5.4999999999999885	0.12301892369060315	0.1281687062937063	0.13344794031011697
5.549999999999988	0.12137292130085053	0.12649329836829837	0.13174371365829987
5.599999999999988	0.11829641315561408	0.12336101398601398	0.1285567504101717
5.649999999999988	0.1136121769322778	0.11858974358974358	0.12370011820018705
5.699999999999988	0.10718012211367779	0.11203379953379952	0.11702258450705207
5.749999999999988	0.09768485474469603	0.10234557109557109	0.1071447975009628
5.799999999999987	0.09194398857602477	0.09648164335664335	0.10115987048618474
5.849999999999987	0.09422547296819697	0.0988126456876457	0.10353957067292163
5.899999999999987	0.08613710335228376	0.09054487179487178	0.09509530314033598
5.949999999999987	0.07471948055311431	0.07763330419580419	0.08062061198284406
5.999999999999987	0.06958608732770394	0.0724067599067599	0.07530183625543814
6.0499999999999865	0.05747714102778357	0.060059731934731936	0.06271890556801449
6.099999999999986	0.045577669536472964	0.04789481351981351	0.05029070022588967
6.149999999999986	0.048121941441117075	0.05049898018648018	0.052954297775192796
6.199999999999986	0.03154637599083231	0.03313179875679875	0.0347714241123408
6.249999999999986	0.020472434549160336	0.021467074592074593	0.022495041587292087
6.299999999999986	0.016477909695752673	0.017294337606837608	0.018138782291277064
6.349999999999985	0.0117706038531086	0.012369791666666666	0.012990208788900386
6.399999999999985	0.007961774441901128	0.00836489898989899	0.008782292026616506
6.449999999999985	0.0035922779389680366	0.003776672045902815	0.0039677133874404715
6.499999999999985	0.0019132739032777619	0.00201138147566719	0.0021130286549897737
6.549999999999985	0.0009499144128275987	0.0009983245920745921	0.0010484726469249105
6.5999999999999845	0.0003496071056550007	0.00036765514359853984	0.0003863607838913873
6.649999999999984	0.000146775262383418	0.00015425398340694393	0.00016207598214642885
6.699999999999984	0.00004320710959673673	0.00004610488700410507	0.0000476553286641373
6.749999999999984	0.000013189565343714117	0.00001383467953235395	0.000014107382980084026
6.799999999999984	4.129598682244329e-6	4.334508466739872e-6	4.42312250113644e-6