-0.6	0.3274351786584509	0.33282039141414144	0.33823705918105695
-0.5499999999999999	0.3219345476453935	0.3272964015151515	0.3326907500902181
-0.49999999999999994	0.32268101255101206	0.32804608585858586	0.33344351276790996
-0.44999999999999996	0.32285780914670015	0.3282236426767677	0.3336217963894095
-0.39999999999999997	0.3173578803692351	0.3226996527777778	0.32807478509529675
-0.35	0.3142350860243437	0.31956281565656564	0.3249244956318036
-0.3	0.3129585517872995	0.31828046085858586	0.3236365616491791
-0.25	0.30987542286556397	0.3151830808080808	0.32052551349600245
-0.2	0.3094630505255589	0.3147687815656566	0.3201093653365892
-0.15000000000000002	0.3063605971007856	0.31165167297979796	0.3169781883450825
-0.10000000000000002	0.3076957960708079	0.31299321338383834	0.318325817653742
-0.05000000000000002	0.30374925491890903	0.3090277777777778	0.31434223404849204
-1.3877787807814457e-17	0.2999994813855701	0.3052596275252525	0.31055641641688025
0.04999999999999999	0.3027872317153737	0.30806107954545453	0.31337104276258376
0.09999999999999999	0.29980316958174985	0.3050623421717171	0.31035819465246206
0.15	0.2972904794323302	0.30253708964646464	0.3078208551339989
0.2	0.29367881734767326	0.29890703914141414	0.3041730995892362
0.25	0.2954845995365532	0.3007220643939394	0.3059970262123234
0.3	0.28853680359687867	0.29373816287878785	0.2989783339279295
0.35	0.2912254664158934	0.2964409722222222	0.30169478094839663
0.39999999999999997	0.28628006748572715	0.29146938131313127	0.29669793405234723
0.44999999999999996	0.2837880281900762	0.2889638573232323	0.29417939709525953
0.49999999999999994	0.28455327965744226	0.2897332702020202	0.294952826523183
0.5499999999999999	0.28576987059057984	0.2909564393939394	0.29618234368220087
0.6	0.2774508791716163	0.2825915404040404	0.2877731120752326
0.65	0.2763719241290041	0.28150647095959597	0.28668213253710495
0.7000000000000001	0.27825521511933066	0.28340041035353536	0.2885863637255648
0.7500000000000001	0.2723899206462737	0.2775015782828283	0.2826551047696515
0.8000000000000002	0.2756657190476198	0.2807962436868687	0.285968016803261
0.8500000000000002	0.26744745559580646	0.27252998737373735	0.277655324176738
0.9000000000000002	0.265113791309372	0.27018229166666663	0.2752940391501951
0.9500000000000003	0.2658393651893109	0.27091224747474746	0.2760282394251059
1.0000000000000002	0.2666237889114024	0.2717013888888889	0.2768219499257636
1.0500000000000003	0.2594470734178983	0.2644807449494949	0.2695587373335784
1.1000000000000003	0.2581138846966407	0.26313920454545453	0.26820909789924696
1.1500000000000004	0.26276069871649405	0.26781486742424243	0.27291272908703723
1.2000000000000004	0.2556241203784542	0.2606336805555556	0.2656882861149814
1.2500000000000004	0.2515468555419467	0.2565301452020202	0.26155925311660666
1.3000000000000005	0.24592196547389394	0.2508680555555556	0.25586103037832597
1.3500000000000005	0.24778373949623486	0.25274226641414144	0.2577473250454797
1.4000000000000006	0.2480973135052509	0.25305792297979796	0.2580650047114078
1.4500000000000006	0.24560841564160202	0.250552398989899	0.25554332653751266
1.5000000000000007	0.2409643713128835	0.2458767361111111	0.2508369258662466
1.5500000000000007	0.24076843718961066	0.24567945075757575	0.25063832644657924
1.6000000000000008	0.2359293101015623	0.2408065025252525	0.24573247506036267
1.6500000000000008	0.23620356954888166	0.24108270202020202	0.24601056256918352
1.7000000000000008	0.2325013035906399	0.2373540088383838	0.24225614463917677
1.7500000000000009	0.23381368843263367	0.23867582070707072	0.243587134503933
1.800000000000001	0.22997465613063936	0.2348090277777778	0.23969330947045808
1.850000000000001	0.22680200186375885	0.23161300505050503	0.23647452046608852
1.900000000000001	0.22503958394455476	0.22983743686868688	0.23468613658278858
1.950000000000001	0.22437381307584206	0.22916666666666666	0.23401049344000202
2.000000000000001	0.22396261031229775	0.22875236742424243	0.2335931757854779
2.0500000000000007	0.21836308516900238	0.2231100063131313	0.22790904196243866
2.1000000000000005	0.21803028566013927	0.22277462121212122	0.227571134473467
2.1500000000000004	0.2156420912182379	0.2203677398989899	0.22514601988446825
2.2	0.21204066516057493	0.2167376893939394	0.2214880290853397
2.25	0.2123342396345285	0.21703361742424243	0.22178625489667736
2.3	0.20280471249971255	0.20742582070707072	0.21210199962160192
2.3499999999999996	0.20736353189197343	0.21202256944444445	0.21673581118982055
2.3999999999999995	0.20084841443425028	0.20545296717171715	0.2101129625396464
2.4499999999999993	0.2010440366752158	0.2056502525252525	0.21031187381263938
2.499999999999999	0.1977578082247587	0.2023358585858586	0.20696993925285756
2.549999999999999	0.19490231245743575	0.19945549242424243	0.2040652457800327
2.5999999999999988	0.19511743966982395	0.1996725063131313	0.20428410542680608
2.6499999999999986	0.19044379130624872	0.19495738636363635	0.19952840299515695
2.6999999999999984	0.18627943438860808	0.19075520833333331	0.19528919633158381
2.7499999999999982	0.1849696904870878	0.18943339646464646	0.19395556579326934
2.799999999999998	0.18608394497723083	0.19055792297979796	0.19509015224383752
2.849999999999998	0.1832104638417984	0.1876578282828283	0.19216399096776493
2.8999999999999977	0.17861764609366243	0.18302162247474746	0.18748527162923623
2.9499999999999975	0.17840268894455868	0.1828046085858586	0.187266241939133
2.9999999999999973	0.1750613844016392	0.17943102904040403	0.18386102383823455
3.049999999999997	0.17064627739980393	0.17497238005050503	0.17935967412613218
3.099999999999997	0.1729904548657188	0.17733980429292928	0.18174989843870948
3.149999999999997	0.1674235115857781	0.1717171717171717	0.17607263755806724
3.1999999999999966	0.1687320824032452	0.1730389835858586	0.17740744103217176
3.2499999999999964	0.16455279578304904	0.16881707702020202	0.1731437113029115
3.2999999999999963	0.16498239782524307	0.1692511047979798	0.17358208289805432
3.349999999999996	0.1619558756052159	0.16619318181818182	0.1704933363400819
3.399999999999996	0.1559239158735217	0.1600970643939394	0.16433421208482668
3.4499999999999957	0.15547502004779154	0.15964330808080807	0.16387568095955451
3.4999999999999956	0.15141598977630746	0.1555397727272727	0.15972841540882188
3.5499999999999954	0.15036236720341936	0.15447443181818182	0.15865155736060554
3.599999999999995	0.14874304457241214	0.15283696338383837	0.15699625239113338
3.649999999999995	0.14815778762273543	0.15224510732323232	0.15639790900964198
3.699999999999995	0.14538786634417808	0.1494436553030303	0.15356545543413602
3.7499999999999947	0.14236492658473196	0.14638573232323232	0.15047312695859946
3.7999999999999945	0.13856273540103253	0.14253866792929293	0.1465819163126343
3.8499999999999943	0.13659378272917383	0.14054608585858586	0.144566081436242
3.899999999999994	0.133903968826231	0.13782354797979798	0.14181133421126416
3.949999999999994	0.13396243758436555	0.13788273358585856	0.14187122547667994
3.999999999999994	0.13478102580620885	0.13871133207070707	0.14270967758914682
4.049999999999994	0.12751288955100554	0.13135258838383837	0.13526171785214722
4.099999999999993	0.1258571641168202	0.12967566287878787	0.13356390944993712
4.149999999999993	0.1254481350829973	0.12926136363636365	0.1331444183657048
4.199999999999993	0.12498068925280512	0.12878787878787878	0.1326649840640544
4.249999999999993	0.12254635322492471	0.12632181186868685	0.13016765279274428
4.299999999999993	0.11943109707394577	0.12316524621212122	0.12697037493876184
4.3499999999999925	0.11300844837269308	0.11665482954545454	0.12037342278558268
4.399999999999992	0.11411756031291069	0.11777935606060605	0.1215131509388415
4.449999999999992	0.11168544043125522	0.11531328914141414	0.11901360398006233
4.499999999999992	0.10995409558069687	0.1135574494949495	0.11723360211172412
4.549999999999992	0.10680337157216822	0.11036142676767677	0.11399288618617341
4.599999999999992	0.10810633565125168	0.11168323863636365	0.11533329538728664
4.6499999999999915	0.105053377437938	0.10858585858585858	0.11219208045133207
4.699999999999991	0.10472285641657872	0.10825047348484848	0.11185189483861586
4.749999999999991	0.09729876964595272	0.10071417297979797	0.1042048097202167
4.799999999999991	0.09935828331064485	0.10280539772727272	0.1063273488453627
4.849999999999991	0.09840618773768382	0.1018386994949495	0.10534623132189268
4.899999999999991	0.09203552672936965	0.0953677398989899	0.09877620124629054
4.94999999999999	0.09388021971272748	0.09724195075757576	0.10067957415373376
4.99999999999999	0.09017181875856718	0.09347380050505051	0.09685239011166087
5.04999999999999	0.08834734101992583	0.09161931818181818	0.09496825550596767
5.09999999999999	0.0854367936469896	0.08866003787878787	0.09196080470310884
5.14999999999999	0.0796190230062332	0.08274147727272727	0.08594257999517915
5.1999999999999895	0.08355521735709955	0.08674636994949494	0.09001540901057216
5.249999999999989	0.08023936477865402	0.0833727904040404	0.08658474432443479
5.299999999999989	0.07845602958277921	0.08155776515151515	0.08473837452547436
5.349999999999989	0.0741546851073205	0.0771780303030303	0.08028108366986735
5.399999999999989	0.07421279263445163	0.07723721590909091	0.08034133607326892
5.449999999999989	0.07210189497842795	0.07508680555555555	0.07815182303974666
5.4999999999999885	0.07334123532835762	0.07634943181818182	0.07943749444067665
5.549999999999988	0.06854020007999756	0.07145675505050506	0.07445410966381122
5.599999999999988	0.0664313137108475	0.0693063446969697	0.07226258608250992
5.649999999999988	0.06370450791086671	0.06652462121212122	0.06942647672916866
5.699999999999988	0.05850634649109338	0.0612176452020202	0.06401170240061523
5.749999999999988	0.059394855636351	0.062125157828282825	0.0649380445514411
5.799999999999987	0.058139403276943044	0.060842803030303025	0.06362903314496253
5.849999999999987	0.051809675412034344	0.05437184343434343	0.05701808485077813
5.899999999999987	0.05335262563689819	0.05595012626262626	0.05863139667814008
5.949999999999987	0.05238821145361129	0.05496369949494949	0.05762314704379002
5.999999999999987	0.0496518435051753	0.051422427398989896	0.053235266589341086
6.0499999999999865	0.04558848857079836	0.04728929924242424	0.049032761111868155
6.099999999999986	0.04379553077680367	0.04546440972222222	0.04717611499221952
6.149999999999986	0.04230358117550748	0.0439453125	0.045630016103467404
6.199999999999986	0.03966979121292942	0.04126223169191919	0.042897902669474124
6.249999999999986	0.03755054092693161	0.03910195707070707	0.040696812069673204
6.299999999999986	0.033460963962677864	0.034929371843434344	0.03644162240041886
6.349999999999985	0.033132485776215075	0.03459398674242424	0.03609936293456292
6.399999999999985	0.031567905019283145	0.03299597537878787	0.03446807626863321
6.449999999999985	0.027949784455051984	0.029296875	0.03068835714938826
6.499999999999985	0.023473884048247236	0.024483112373737376	0.025522221794028608
6.549999999999985	0.02107231579393842	0.02203019781144781	0.02301812209013768
6.5999999999999845	0.018095730931594698	0.018985427188552187	0.019905367710534642
6.649999999999984	0.011691898210383753	0.012247474747474748	0.012821448561643618
6.699999999999984	0.011236983889605768	0.011781881313131314	0.012345195287065245
6.749999999999984	0.008386493620492276	0.008784834956709956	0.009196410282916527
6.799999999999984	0.005415459852214418	0.005683791035353536	0.005961446231711113
6.849999999999984	0.002982700030076453	0.0031356766191325013	0.0032941670615513016
6.8999999999999835	0.0015289062387672647	0.001607576714110805	0.0016890964227100663
6.949999999999983	0.0006953515305378931	0.0007310368237166181	0.0007680123699111428
6.999999999999983	0.00027858122255643283	0.00029296875	0.0003078361414862669
7.049999999999983	0.0001162429772896543	0.00012216516122766122	0.0001281178653828024
7.099999999999983	0.00003644703689426843	0.00003884295287505404	0.000031598834751338397
7.149999999999983	0.000017606894315196694	0.00001852882712257712	0.00001893159499633818
7.199999999999982	4.168233036404806e-6	4.3740636487196125e-6	4.462401485414989e-6